LIT101 LIT301 LIT401 LS601 LS602
583.304118649 527.840472258 562.287692096 525.719384209 484.974010593
583.304118649 525.704638925 564.019991199 527.556421246 485.157714296
583.304118649 523.547231517 565.769994028 529.408273098 485.342899481
583.304118649 521.38982411 567.520200555 531.256421246 485.527714296
583.304118649 519.232416703 569.270203384 533.108273098 485.712899481
583.304118649 517.075009295 571.020409911 534.956421246 485.897714296
583.304118649 514.917601888 572.77041274 536.808273098 486.082899481
583.304118649 512.76019448 574.52041557 538.66012495 486.268084667
583.304118649 510.602787073 576.270622097 540.508273098 486.452899481
583.304118649 508.445379665 578.020624926 542.36012495 486.638084667
583.304118649 506.287972258 579.770831453 544.208273098 486.822899481
583.304118649 504.130564851 581.520834282 546.06012495 487.008084667
583.304118649 501.973157443 583.270837111 547.911976802 487.193269852
583.304118649 499.815750036 585.021043638 549.76012495 487.378084666
583.304118649 497.658342628 586.771046468 551.611976802 487.563269852
583.304118649 495.500935221 588.521252995 553.46012495 487.748084666
583.304118649 493.343527814 590.271255824 555.311976802 487.933269852
583.304118649 491.186120406 592.021462351 557.16012495 488.118084666
582.288674204 489.850935221 593.77146518 559.011976802 488.303269852
580.001637167 489.545379666 595.521468009 560.863828654 488.488455037
577.71460013 489.23982411 597.271674536 562.711976802 488.673269852
575.427563093 488.934268554 599.021677365 564.563828654 488.858455037
573.140526056 488.628712999 600.771883893 566.411976802 489.043269851
570.853489019 488.323157443 602.521886722 568.263828654 489.228455037
568.566451982 488.017601888 604.271889551 570.115680506 489.413640222
566.279414945 487.712046332 606.022096078 571.963828654 489.598455037
563.992377908 487.406490777 607.772098907 573.815680506 489.783640222
561.705340871 487.100935221 609.522305434 575.663828654 489.968455037
559.418303834 486.795379665 611.272308263 577.515680506 490.153640222
557.131266797 486.48982411 613.02251479 579.363828654 490.338455037
554.84422976 486.184268554 614.772517619 581.215680506 490.523640222
552.557192723 485.878712999 616.522520449 583.067532358 490.708825407
550.270155686 485.573157443 618.272726976 584.915680506 490.893640222
547.983118649 485.267601888 620.022729805 586.767532358 491.078825407
545.696081612 484.962046332 621.772936332 588.615680506 491.263640222
543.409044574 484.656490777 623.522939161 590.467532358 491.448825407
541.122007537 484.350935221 625.27294199 592.31938421 491.634010592
538.8349705 486.194157443 625.178704073 594.167532358 490.011417999
536.547933463 488.046009295 625.07685505 596.01938421 488.344751333
534.260896426 489.897861147 624.975209726 597.867532358 486.677714296
531.973859389 491.749712999 624.873360703 599.71938421 485.011047629
529.686822352 493.60156485 624.771715378 601.567532358 483.344380962
527.399785315 495.453416702 624.669866356 603.41938421 481.677714296
525.112748278 497.305268554 624.568017333 605.271236062 481.485121703
522.825711241 499.157120406 624.466372008 607.11938421 481.670306888
520.538674204 501.008972258 624.364522986 608.971236062 481.855492073
518.251637167 502.86082411 624.262877661 610.81938421 482.040306888
515.96460013 504.712675961 624.161028639 612.671236062 482.225492073
513.677563093 506.564527813 624.059179616 614.523087914 482.410677259
511.390526056 507.13056485 625.061237995 616.371236062 482.595492073
509.103489019 506.825009295 626.811240824 618.223087914 482.780677259
506.816451982 506.519453739 628.561447351 620.071236062 482.965862444
504.529414945 506.213898184 630.31145018 621.923087914 483.151047629
502.242377908 505.908342628 632.061656707 623.771236063 483.336232814
499.989414945 505.602787072 633.811659537 625.623087914 483.521417999
499.832007537 505.297231517 635.561662366 627.474939766 483.706603184
499.67460013 504.991675961 637.311868893 629.323087914 483.891417999
499.517192723 504.686120406 639.061871722 631.174939766 484.076603184
499.359785315 504.38056485 640.812078249 633.023087915 484.261417999
499.202377908 504.075009295 642.562081078 634.874939766 484.446603184
499.0449705 503.769453739 644.312083907 636.726791618 484.631788369
498.887563093 503.463898183 646.062290434 638.574939766 484.816973555
498.730155685 503.158342628 647.812293263 640.426791618 485.00215874
498.572748278 502.852787072 649.562499791 642.274939767 485.187343925
498.415340871 502.547231517 651.31250262 644.126791618 485.37252911
498.257933463 502.241675961 653.062709147 645.974939767 485.557343925
498.100526056 501.936120406 654.812711976 647.826791618 485.74252911
497.943118648 501.63056485 656.562714805 649.67864347 485.927714295
497.785711241 501.325009294 658.312921332 651.526791619 486.11252911
497.628303833 501.019453739 660.062924161 653.37864347 486.297714295
497.470896426 500.713898183 661.813130688 655.226791619 486.48289948
497.313489019 500.408342628 663.563133518 657.07864347 486.668084666
497.156081611 500.102787072 665.313136347 658.930495322 486.853269851
496.998674204 499.797231517 667.063342874 660.778643471 487.038455036
496.841266796 499.491675961 668.813345703 662.630495322 487.223640221
496.683859389 499.186120406 670.56355223 664.478643471 487.408455036
496.526451981 498.88056485 672.313555059 666.330495322 487.593640221
496.369044574 498.575009294 674.063761586 668.178643471 487.778455036
496.211637167 498.269453739 675.813764415 670.030495323 487.963640221
496.054229759 497.963898183 677.563767244 671.882347174 488.148825406
495.896822352 497.658342628 679.313973772 673.730495323 488.334010591
495.739414944 497.352787072 681.063976601 675.582347174 488.519195776
495.582007537 497.047231517 682.814183128 677.430495323 488.704380962
495.424600129 496.741675961 684.564185957 679.282347175 488.889566147
495.267192722 496.436120405 686.314188786 681.134199026 489.074751332
495.109785314 498.279342628 686.219950869 682.982347175 487.452158739
494.952377907 500.131194479 686.118101846 684.834199026 485.785492073
494.7949705 501.983046331 686.016456522 686.682347175 484.118455036
494.637563092 503.834898183 685.914607499 688.534199026 482.451788369
494.480155685 505.686750035 685.812758476 690.386050878 480.785121702
494.322748277 507.538601887 685.711113152 692.234199027 479.118455036
494.16534087 509.390453739 685.609264129 694.086050878 478.925862443
494.007933462 511.24230559 685.507618804 695.934199027 479.111047628
493.850526055 513.094157442 685.405769782 697.786050878 479.296232813
493.693118647 514.946009294 685.304124457 699.634199027 479.481047628
493.53571124 516.797861146 685.202275434 701.486050879 479.666232813
493.378303833 518.649712998 685.100426412 703.33790273 479.851417998
493.220896425 519.215750035 686.102484791 705.186050879 480.036232813
493.063489018 518.910194479 687.85248762 707.03790273 480.221417998
492.90608161 518.604638924 689.602694147 708.886050879 480.406603184
492.748674203 518.299083368 691.352696976 710.737902731 480.591788369
492.591266795 517.993527813 693.102699805 712.589754582 480.776973554
492.433859388 517.687972258 694.852906332 714.437902731 480.962158739
492.276451981 517.382416702 696.602909162 716.289754582 481.147343924
492.119044573 517.076861147 698.353115689 718.137902731 481.332158739
491.961637166 516.771305591 700.103118518 719.989754583 481.517343924
491.804229758 516.465750036 701.853325045 721.837902731 481.702158739
491.646822351 516.16019448 703.603327874 723.689754583 481.887343924
491.489414943 515.854638925 705.353330703 725.541606434 482.072529109
491.332007536 515.549083369 707.10353723 727.389754583 482.257714294
491.174600128 515.243527814 708.853540059 729.241606435 482.44289948
491.017192721 514.937972258 710.603746587 731.089754583 482.628084665
490.859785314 514.632416702 712.353749416 732.941606435 482.81326985
490.702377906 514.326861147 714.103752245 734.793458286 482.998455035
490.544970499 514.021305591 715.853958772 736.641606435 483.18326985
490.387563091 513.715750036 717.603961601 738.493458287 483.368455035
490.230155684 513.41019448 719.354168128 740.341606435 483.55326985
490.072748276 513.104638925 721.104170957 742.193458287 483.738455035
489.915340869 512.799083369 722.854377484 744.041606435 483.92364022
489.757933462 512.493527814 724.604380313 745.893458287 484.108825405
489.600526054 512.187972258 726.354383143 747.745310139 484.294010591
489.443118647 511.882416703 728.10458967 749.593458287 484.479195776
489.285711239 511.576861147 729.854592499 751.445310139 484.664380961
489.128303832 511.271305591 731.604799026 753.293458287 484.849195776
488.970896424 510.965750036 733.354801855 755.145310139 485.034380961
488.813489017 510.66019448 735.104804684 756.997161991 485.219566146
488.65608161 510.354638925 736.855011211 758.845310139 485.404380961
488.498674202 510.049083369 738.60501404 760.697161991 485.589566146
488.341266795 509.743527814 740.355220568 762.545310139 485.774751331
488.183859387 509.437972258 742.105223397 764.397161991 485.959936516
488.02645198 509.132416702 743.855429924 766.245310139 486.145121702
487.869044573 508.826861147 745.605432753 768.097161991 486.330306887
487.711637165 508.521305591 747.355435582 769.949013843 486.515492072
487.554229758 510.364527814 747.261197665 771.797161991 484.892899479
487.39682235 512.216379665 747.159348642 773.649013843 483.226232813
487.239414943 514.068231517 747.057703318 775.497161991 481.559195776
487.082007535 515.920083369 746.955854295 777.349013843 479.892529109
486.924600128 517.771935221 746.854005272 779.200865695 478.225862442
486.76719272 519.623787073 746.752359948 781.049013843 476.559195776
486.609785313 521.475638925 746.650510925 782.900865695 476.366603183
486.452377906 523.327490777 746.5488656 784.749013843 476.551788368
486.294970498 525.179342629 746.447016578 786.600865695 476.736973553
486.137563091 527.03119448 746.345371253 788.449013843 476.921788368
485.980155683 528.883046332 746.24352223 790.300865695 477.106973553
485.822748276 530.734898184 746.141673208 792.152717547 477.292158738
485.665340868 531.300935221 747.143731587 794.000865695 477.476973553
485.507933461 530.995379666 748.893734416 795.852717547 477.662158738
485.350526053 530.68982411 750.643940943 797.700865695 477.847343923
485.193118646 530.384268555 752.393943772 799.552717547 478.032529109
485.035711239 530.078712999 754.143946601 801.404569399 478.217714294
484.878303831 529.773157444 755.894153128 803.252717547 478.402899479
484.720896424 529.467601888 757.644155957 805.104569399 478.588084664
484.563489016 529.162046333 759.394362485 806.952717547 478.772899479
484.406081609 528.856490777 761.144365314 808.804569399 478.958084664
484.248674201 528.550935222 762.894571841 810.652717547 479.142899479
484.091266794 528.245379666 764.64457467 812.504569399 479.328084664
483.933859386 527.939824111 766.394577499 814.356421251 479.513269849
483.776451979 527.634268555 768.144784026 816.204569399 479.698455034
483.619044572 527.328713 769.894786855 818.056421251 479.883640219
483.461637164 527.023157444 771.644993382 819.904569399 480.068825405
483.304229757 526.717601889 773.394996212 821.756421251 480.25401059
483.146822349 526.412046334 775.144999041 823.608273103 480.439195775
482.989414942 526.106490778 776.895205568 825.456421251 480.62401059
482.832007534 525.800935223 778.645208397 827.308273103 480.809195775
482.674600127 525.495379667 780.395414924 829.156421251 480.99401059
482.517192719 525.189824112 782.145417753 831.008273103 481.179195775
482.359785312 524.884268556 783.895420582 832.860124955 481.36438096
482.202377905 524.578713 785.645627109 834.708273103 481.549566145
482.044970497 524.273157445 787.395629938 836.560124955 481.73475133
481.88756309 523.967601889 789.145836466 838.408273103 481.919936515
481.730155682 523.662046334 790.895839295 840.260124955 482.105121701
481.572748275 523.356490778 792.646045822 842.108273103 482.289936515
481.415340867 523.050935223 794.396048651 843.960124955 482.475121701
481.25793346 522.745379667 796.14605148 845.811976807 482.660306886
481.100526052 522.439824112 797.896258007 847.660124955 482.845121701
480.943118645 522.134268556 799.646260836 849.511976807 483.030306886
480.785711238 521.828713001 801.396467363 851.360124955 483.215492071
480.62830383 521.523157445 803.146470192 853.211976807 483.400677256
480.470896423 521.217601889 804.896473022 855.063828659 483.585862441
480.313489015 520.912046334 806.646679549 856.911976807 483.771047626
480.156081608 520.606490778 808.396682378 858.763828659 483.956232812
479.9986742 522.449713001 808.302444461 860.611976807 482.333640219
479.841266793 524.301564853 808.200595438 862.463828659 480.666973552
479.683859386 526.153416704 808.098950113 864.311976807 478.999936515
479.526451978 528.005268556 807.997101091 866.163828659 477.333269849
479.369044571 529.857120408 807.895252068 868.015680511 475.666603182
479.211637163 531.70897226 807.793606743 869.863828659 473.999936515
479.054229756 533.560824112 807.691757721 871.715680511 473.807343923
478.896822348 535.412675964 807.590112396 873.563828659 473.992529108
478.739414941 537.264527816 807.488263374 875.415680511 474.177714293
478.582007533 539.116379668 807.386414351 877.267532363 474.362899478
478.424600126 540.968231519 807.284769026 879.115680511 474.547714293
478.267192719 542.820083371 807.182920004 880.967532363 474.732899478
478.109785311 543.386120408 808.184978383 882.815680511 474.917714293
477.952377904 543.080564853 809.934981212 884.667532363 475.102899478
477.794970496 542.775009297 811.685187739 886.515680511 475.288084663
477.637563089 542.469453742 813.435190568 888.367532363 475.473269849
477.480155681 542.163898186 815.185193397 890.219384215 475.658455034
477.322748274 541.858342631 816.935399924 892.067532363 475.843640219
477.165340866 541.552787075 818.685402753 893.919384215 476.028825404
477.007933459 541.24723152 820.435609281 895.767532363 476.213640219
476.850526052 540.941675964 822.18561211 897.619384215 476.398825404
476.693118644 540.636120409 823.935614939 899.471236067 476.584010589
476.535711237 540.330564853 825.685821466 901.319384215 476.768825404
476.378303829 540.025009297 827.435824295 903.171236067 476.954010589
476.220896422 539.719453742 829.186030822 905.019384215 477.139195775
476.063489014 539.413898186 830.936033651 906.871236067 477.32438096
475.906081607 539.108342631 832.686240178 908.719384215 477.509566145
475.7486742 538.802787075 834.436243008 910.571236067 477.69475133
475.591266792 538.49723152 836.186245837 912.423087919 477.879936515
475.433859385 538.191675964 837.936452364 914.271236067 478.06475133
475.276451977 537.886120409 839.686455193 916.123087919 478.249936515
475.11904457 537.580564853 841.43666172 917.971236067 478.43475133
474.961637163 537.275009298 843.186664549 919.823087919 478.619936515
474.804229755 536.969453742 844.936667378 921.674939771 478.8051217
474.646822348 536.663898186 846.686873905 923.523087919 478.990306885
474.48941494 536.358342631 848.436876734 925.374939771 479.175492071
474.332007533 536.052787075 850.187083261 927.223087919 479.360677256
474.174600125 535.74723152 851.937086091 929.074939771 479.545862441
474.017192718 535.441675964 853.687292618 930.923087919 479.730677256
473.859785311 535.136120409 855.437295447 932.774939771 479.915862441
473.702377903 534.830564853 857.187298276 934.626791623 480.101047626
473.544970496 534.525009298 858.937504803 936.474939771 480.285862441
473.387563088 534.219453742 860.687507632 938.326791623 480.471047626
473.230155681 533.913898187 862.437714159 940.174939771 480.656232811
473.072748274 533.608342631 864.187716988 942.026791623 480.841417996
472.915340866 533.302787076 865.937719818 943.878643475 481.026603181
472.757933459 532.99723152 867.687926345 945.726791623 481.211788367
472.600526051 532.691675964 869.437929174 947.578643475 481.396973552
472.443118644 534.534898187 869.343691257 949.426791623 479.774380959
472.285711236 536.386750039 869.241842234 951.278643475 478.107714293
472.128303829 538.23860189 869.140196909 953.126791623 476.440677255
471.970896422 540.090453742 869.038347887 954.978643475 474.774010589
471.813489014 541.942305594 868.936498864 956.830495327 473.107343922
471.656081607 543.794157446 868.834853539 958.678643475 471.440677255
471.498674199 545.646009298 868.733004517 960.530495327 471.248084663
471.341266792 547.49786115 868.631359192 962.378643475 471.433269848
471.183859384 549.349713002 868.52951017 964.230495327 471.618455033
471.026451977 551.201564854 868.427661147 966.082347179 471.803640218
470.869044569 553.053416706 868.326015822 967.930495327 471.988455033
470.711637162 554.905268557 868.2241668 969.782347179 472.173640218
470.554229755 555.471305594 869.226225179 971.630495327 472.358455033
470.396822347 555.165750039 870.976228008 973.482347179 472.543640218
470.23941494 554.860194483 872.726230837 975.334199031 472.728825403
470.082007532 554.554638928 874.476437364 977.182347179 472.914010589
469.924600125 554.249083372 876.226440193 979.034199031 473.099195774
469.767192717 553.943527817 877.97664672 980.882347179 473.284380959
469.60978531 553.637972261 879.726649549 982.734199031 473.469566144
469.452377903 553.332416706 881.476856077 984.582347179 473.654380959
469.294970495 553.02686115 883.226858906 986.434199031 473.839566144
469.137563088 552.721305595 884.976861735 988.286050883 474.024751329
468.98015568 552.415750039 886.727068262 990.134199031 474.209566144
468.822748273 552.110194484 888.477071091 991.986050883 474.394751329
468.665340866 551.804638928 890.227277618 993.834199031 474.579936514
468.507933458 551.499083373 891.977280447 995.686050883 474.765121699
468.350526051 551.193527817 893.727283276 997.537902735 474.950306885
468.193118643 550.887972262 895.477489804 999.386050883 475.13549207
468.035711236 550.582416706 897.227492633 1001.23790274 475.320677255
467.878303829 550.276861151 898.97769916 1003.08605088 475.50549207
467.720896421 549.971305595 900.727701989 1004.93790274 475.690677255
467.563489014 549.66575004 902.477908516 1006.78605088 475.87549207
467.406081606 549.360194485 904.227911345 1008.63790274 476.060677255
467.248674199 549.054638929 905.977914174 1010.48975459 476.24586244
467.091266791 548.749083374 907.728120701 1012.33790274 476.431047625
466.933859384 548.443527818 909.47812353 1014.18975459 476.61623281
466.776451977 548.137972263 911.228330057 1016.03790274 476.801417995
466.619044569 547.832416707 912.978332886 1017.88975459 476.986603181
466.461637162 547.526861152 914.728335715 1019.74160644 477.171788366
466.304229754 547.221305596 916.478542242 1021.58975459 477.356603181
466.146822347 546.915750041 918.228545072 1023.44160644 477.541788366
465.98941494 546.610194485 919.978751599 1025.28975459 477.72660318
465.832007532 546.30463893 921.728754428 1027.14160644 477.911788366
465.674600125 545.999083374 923.478960955 1028.98975459 478.096973551
465.517192717 545.693527819 925.228963784 1030.84160644 478.282158736
465.35978531 545.387972263 926.978966613 1032.69345829 478.467343921
465.202377902 545.082416708 928.72917314 1034.54160644 478.652529106
465.044970495 544.776861152 930.479175969 1036.39345829 478.837714291
464.887563088 546.620083374 930.384938052 1038.24160644 477.215121699
464.73015568 548.471935226 930.28308903 1040.09345829 475.548455032
464.572748273 550.323787078 930.181240007 1041.94531014 473.881788366
464.415340865 552.17563893 930.079594682 1043.79345829 472.214751328
464.257933458 554.027490782 929.97774566 1045.64531014 470.548084662
464.10052605 555.879342634 929.876100335 1047.49345829 468.881417995
463.943118643 557.731194486 929.774251312 1049.34531014 468.688825403
463.785711236 559.583046338 929.672605988 1051.19345829 468.874010588
463.628303828 561.43489819 929.570756965 1053.04531014 469.059195773
463.470896421 563.286750041 929.468907943 1054.89716199 469.244380958
463.313489013 565.138601893 929.367262618 1056.74531014 469.429195773
463.156081606 566.990453745 929.265413595 1058.59716199 469.614380958
462.998674198 567.556490782 930.267471974 1060.44531014 469.799195773
462.841266791 567.250935227 932.017474803 1062.29716199 469.984380958
462.683859384 566.945379671 933.767477633 1064.14901384 470.169566143
462.526451976 566.639824116 935.51768416 1065.99716199 470.354751328
462.369044569 566.33426856 937.267686989 1067.84901384 470.539936513
462.211637161 566.028713005 939.017893516 1069.69716199 470.725121699
462.054229754 565.723157449 940.767896345 1071.54901384 470.910306884
461.896822346 565.417601894 942.518102872 1073.39716199 471.095121699
461.739414939 565.112046338 944.268105701 1075.24901384 471.280306884
461.582007532 564.806490783 946.01810853 1077.1008657 471.465492069
461.424600124 564.500935227 947.768315058 1078.94901384 471.650306884
461.267192717 564.195379672 949.518317887 1080.8008657 471.835492069
461.109785309 563.889824116 951.268524414 1082.64901384 472.020677254
460.952377902 563.584268561 953.018527243 1084.5008657 472.205862439
460.794970495 563.278713005 954.768530072 1086.35271755 472.391047624
460.637563087 562.97315745 956.518736599 1088.2008657 472.576232809
460.48015568 562.667601895 958.268739428 1090.05271755 472.761417995
460.322748272 562.362046339 960.018945956 1091.9008657 472.946232809
460.165340865 562.056490784 961.768948785 1093.75271755 473.131417995
460.007933457 561.750935228 963.519155312 1095.6008657 473.316232809
459.85052605 561.445379673 965.269158141 1097.45271755 473.501417994
459.693118643 561.139824117 967.01916097 1099.3045694 473.68660318
459.535711235 560.834268562 968.769367497 1101.15271755 473.871788365
459.378303828 560.528713006 970.519370326 1103.0045694 474.05697355
459.22089642 560.223157451 972.269576853 1104.85271755 474.242158735
459.063489013 559.917601895 974.019579683 1106.7045694 474.42734392
458.906081606 559.61204634 975.769582512 1108.55642125 474.612529105
458.748674198 559.306490784 977.519789039 1110.4045694 474.79734392
458.591266791 559.000935229 979.269791868 1112.25642125 474.982529105
458.433859383 558.695379673 981.019998395 1114.1045694 475.16734392
458.276451976 558.389824118 982.770001224 1115.95642125 475.352529105
458.119044568 558.084268562 984.520004053 1117.8082731 475.53771429
457.961637161 557.778713007 986.27021058 1119.65642125 475.722899476
457.804229754 557.473157451 988.02021341 1121.5082731 475.908084661
457.646822346 557.167601896 989.770419937 1123.35642125 476.093269846
457.489414939 556.86204634 991.520422766 1125.2082731 476.278455031
457.332007531 558.705268563 991.426184849 1127.05642125 474.655862439
457.174600124 560.557120414 991.324335826 1128.9082731 472.989195772
457.017192716 562.408972266 991.222486803 1130.76012495 471.322529105
456.859785309 564.260824118 991.120841479 1132.6082731 469.655492068
456.702377901 566.11267597 991.018992456 1134.46012495 467.988825402
456.544970494 567.964527822 990.917347131 1136.3082731 466.322158735
456.387563087 569.816379674 990.815498109 1138.16012495 466.129566142
456.230155679 571.668231526 990.713649086 1140.01197681 466.314751327
456.072748272 573.520083378 990.612003762 1141.86012495 466.499936513
455.915340864 575.371935229 990.510154739 1143.71197681 466.685121698
455.757933457 577.223787081 990.408509414 1145.56012495 466.869936513
455.600526049 579.075638933 990.306660392 1147.41197681 467.055121698
455.443118642 579.64167597 991.308718771 1149.26012495 467.239936512
455.285711234 579.336120415 993.0587216 1151.11197681 467.425121698
455.128303827 579.030564859 994.808724429 1152.96382866 467.610306883
454.97089642 578.725009304 996.558930956 1154.81197681 467.795492068
454.813489012 578.419453748 998.308933785 1156.66382866 467.980677253
454.656081605 578.113898193 1000.05914031 1158.51197681 468.165862438
454.498674197 577.808342637 1001.80914314 1160.36382866 468.351047623
454.34126679 577.502787082 1003.55914597 1162.21568051 468.536232809
454.183859382 577.197231526 1005.3093525 1164.06382866 468.721047623
454.026451975 576.891675971 1007.05935533 1165.91568051 468.906232809
453.869044567 576.586120415 1008.80956185 1167.76382866 469.091047623
453.71163716 576.28056486 1010.55956468 1169.61568051 469.276232808
453.554229753 575.975009305 1012.30977121 1171.46382866 469.461417994
453.396822345 575.669453749 1014.05977404 1173.31568051 469.646603179
453.239414938 575.363898194 1015.80977687 1175.16753236 469.831788364
453.08200753 575.058342638 1017.5599834 1177.01568051 470.016973549
452.924600123 574.752787083 1019.30998622 1178.86753236 470.202158734
452.767192715 574.710435231 1020.83426683 1180.71568051 470.386973549
452.609785308 576.441472268 1020.83612151 1182.56753236 470.572158734
452.4523779 578.172509305 1020.83797619 1184.41938421 470.757343919
452.294970493 579.912175972 1020.83262716 1186.26753236 470.942158734
452.137563086 581.643213009 1020.83448184 1188.11938421 471.127343919
451.980155678 583.374250046 1020.83654022 1189.96753236 471.312529104
451.822748271 585.105287083 1020.8383949 1191.81938421 471.49771429
451.665340863 586.84495375 1020.83304587 1193.66753236 471.682899475
451.507933456 588.575990787 1020.83490055 1195.51938421 471.86808466
451.350526048 590.307027824 1020.83675523 1197.37123606 472.053269845
451.193118641 592.038064861 1020.83881361 1199.21938421 472.23808466
451.035711234 593.777731527 1020.83326089 1201.07123606 472.423269845
450.878303826 595.508768565 1020.83531927 1202.91938421 472.60808466
450.720896419 597.239805602 1020.83717395 1204.77123606 472.793269845
450.563489011 598.970842639 1020.83902863 1206.62308792 472.97845503
450.406081604 600.710509305 1020.8336796 1208.47123606 473.163640215
450.248674196 602.441546342 1020.83553428 1210.32308792 473.3488254
450.091266789 604.172583379 1020.83759266 1212.17123606 473.534010586
449.933859381 605.903620417 1020.83944734 1214.02308792 473.719195771
449.776451974 607.643287083 1020.83409831 1215.87123606 473.904010586
449.619044567 609.37432412 1020.83595299 1217.72308792 474.089195771
449.461637159 611.105361157 1020.83780768 1219.57493977 474.274380956
449.304229752 612.845027824 1020.83245865 1221.42308792 474.459195771
449.146822344 614.576064861 1020.83431333 1223.27493977 474.644380956
448.989414937 616.307101898 1020.83637171 1225.12308792 474.829566141
448.832007529 618.038138935 1020.83822639 1226.97493977 475.014751326
448.674600122 619.777805602 1020.83267366 1228.82679162 475.199936511
448.517192714 621.508842639 1020.83473204 1230.67493977 475.385121697
448.359785307 623.239879676 1020.83658672 1232.52679162 475.570306882
448.2023779 624.970916713 1020.8386451 1234.37493977 475.755121696
448.044970492 626.71058338 1020.83309237 1236.22679162 475.940306882
447.887563085 628.441620417 1020.83515075 1238.07493977 476.125121696
447.730155677 630.172657454 1020.83700543 1239.92679162 476.310306882
447.57274827 631.903694491 1020.83886012 1241.77864347 476.495492067
447.415340862 633.643361158 1020.83351109 1243.62679162 476.680677252
447.257933455 635.374398195 1020.83536577 1245.47864347 476.865862437
447.100526047 637.105435232 1020.83742415 1247.32679162 477.051047622
446.94311864 638.836472269 1020.83927883 1249.17864347 477.236232807
446.785711233 640.576138936 1020.8337261 1251.03049532 477.421417993
446.628303825 642.307175973 1020.83578448 1252.87864347 477.606232807
446.470896418 644.03821301 1020.83763916 1254.73049532 477.791417992
446.31348901 645.773564862 1020.83599384 1256.57864347 477.976232807
446.156081603 647.508916714 1020.83414482 1258.43049532 478.161417992
445.998674195 649.239953751 1020.83620319 1260.27864347 478.346603178
445.841266788 650.970990788 1020.83805788 1262.13049532 478.531788363
445.68385938 652.710657454 1020.83250515 1263.98234718 478.716973548
445.526451973 654.441694492 1020.83456353 1265.83049532 478.902158733
445.369044566 656.172731529 1020.83641821 1267.68234717 479.087343918
445.211637158 657.903768566 1020.83847659 1269.53049532 479.272158733
445.054229751 659.643435232 1020.83292386 1271.38234717 479.457343918
444.896822343 661.374472269 1020.83477854 1273.23419903 479.642529103
444.739414936 663.105509307 1020.83683692 1275.08234717 479.827343918
444.582007528 664.836546344 1020.8386916 1276.93419903 480.012529103
444.424600121 666.57621301 1020.83334257 1278.78234717 480.197714288
444.267192713 668.307250047 1020.83519726 1280.63419903 480.382899474
444.109785306 670.038287084 1020.83705194 1282.48605088 480.568084659
443.952377899 671.769324121 1020.83911032 1284.33419903 480.753269844
443.794970491 673.508990788 1020.83355759 1286.18605088 480.938455029
443.637563084 675.240027825 1020.83561597 1288.03419903 481.123269844
443.480155676 676.971064862 1020.83747065 1289.88605088 481.308455029
443.322748269 678.706416714 1020.83582532 1291.73419903 481.493269844
443.165340861 680.441768566 1020.8339763 1293.58605088 481.678455029
443.007933454 682.172805603 1020.83583098 1295.43790273 481.863640214
442.850526046 683.90384264 1020.83788936 1297.28605088 482.048825399
442.693118639 685.643509307 1020.83233664 1299.13790273 482.234010584
442.535711232 687.374546344 1020.83439502 1300.98605088 482.41919577
442.378303824 689.105583381 1020.8362497 1302.83790273 482.604380955
442.220896417 690.836620418 1020.83810438 1304.68975458 482.78956614
442.063489009 692.576287085 1020.83275535 1306.53790273 482.974380955
441.906081602 694.307324122 1020.83461003 1308.38975458 483.15956614
441.748674194 696.038361159 1020.83666841 1310.23790273 483.344380955
441.591266787 697.769398196 1020.83852309 1312.08975458 483.52956614
441.43385938 699.509064863 1020.83317406 1313.93790273 483.714751325
441.276451972 701.2401019 1020.83502874 1315.78975458 483.89993651
441.119044565 702.971138937 1020.83688342 1317.64160643 484.085121695
440.961637157 704.702175974 1020.8389418 1319.48975458 484.27030688
440.80422975 706.441842641 1020.83338908 1321.34160643 484.455492066
440.646822342 708.172879678 1020.83544746 1323.18975458 484.64030688
440.489414935 709.903916715 1020.83730214 1325.04160643 484.825492066
440.332007527 711.634953752 1020.83915682 1326.89345828 485.010677251
440.17460012 713.374620419 1020.83380779 1328.74160643 485.195492066
440.017192713 715.105657456 1020.83566247 1330.59345828 485.380677251
439.859785305 716.836694493 1020.83772085 1332.44160643 485.565862436
439.702377898 718.572046345 1020.83587183 1334.29345828 485.751047621
439.54497049 720.307398196 1020.8342265 1336.14160643 485.936232806
439.387563083 722.038435234 1020.83608118 1337.99345828 486.121417991
439.230155675 723.769472271 1020.83793586 1339.84531013 486.306603176
439.072748268 725.509138937 1020.83258684 1341.69345828 486.491417991
438.91534086 727.240175974 1020.83444152 1343.54531013 486.676603176
438.757933453 728.971213011 1020.8364999 1345.39345828 486.861417991
438.600526046 730.702250048 1020.83835458 1347.24531013 487.046603176
438.443118638 732.441916715 1020.83280185 1349.09716198 487.231788362
438.285711231 734.172953752 1020.83486023 1350.94531013 487.416973547
438.128303823 735.903990789 1020.83671491 1352.79716198 487.602158732
437.970896416 737.635027826 1020.83877329 1354.64531013 487.787343917
437.813489008 739.374694493 1020.83322056 1356.49716198 487.972529102
437.656081601 741.10573153 1020.83527894 1358.34531013 488.157343917
437.498674193 742.836768567 1020.83713362 1360.19716198 488.342529102
437.341266786 744.567805604 1020.8389883 1362.04901384 488.527714287
437.183859379 746.307472271 1020.83363928 1363.89716198 488.712529102
437.026451971 748.038509308 1020.83549396 1365.74901383 488.897714287
436.869044564 749.769546345 1020.83755234 1367.59716198 489.082899472
436.711637156 751.500583382 1020.83940702 1369.44901383 489.268084658
436.554229749 753.240250049 1020.83385429 1371.30086569 489.453269843
436.396822341 754.971287086 1020.83591267 1373.14901383 489.638455028
436.239414934 756.702324123 1020.83776735 1375.00086569 489.823640213
436.082007526 758.44199079 1020.83241832 1376.84901383 490.008455028
435.924600119 760.173027827 1020.834273 1378.70086569 490.193640213
435.767192712 761.904064864 1020.83633138 1380.54901383 490.378455028
435.609785304 763.635101901 1020.83818606 1382.40086569 490.563640213
435.452377897 765.374768568 1020.83263334 1384.25271754 490.748825398
435.294970489 767.105805605 1020.83469172 1386.10086569 490.934010583
435.137563082 768.836842642 1020.8365464 1387.95271754 491.119195768
434.980155674 770.567879679 1020.83860478 1389.80086569 491.304380954
434.822748267 772.307546346 1020.83305205 1391.65271754 491.489566139
434.665340859 774.038583383 1020.83490673 1393.50456939 491.674751324
434.507933452 775.76962042 1020.83696511 1395.35271754 491.859566139
434.350526045 777.500657457 1020.83881979 1397.20456939 492.044751324
434.193118637 779.240324123 1020.83347076 1399.05271754 492.229566139
434.03571123 780.971361161 1020.83532544 1400.90456939 492.414751324
433.878303822 782.702398198 1020.83738382 1402.75271754 492.599936509
433.720896415 784.433435235 1020.8392385 1404.60456939 492.785121694
433.563489007 786.173101901 1020.83368578 1406.45642124 492.970306879
433.4060816 787.904138938 1020.83574416 1408.30456939 493.155492064
433.248674192 789.635175976 1020.83759884 1410.15642124 493.34067725
433.091266785 791.370527827 1020.83595351 1412.00456939 493.525492064
432.933859378 793.105879679 1020.83410449 1413.85642124 493.71067725
432.77645197 794.836916716 1020.83595917 1415.70827309 493.895862435
432.619044563 796.567953753 1020.83801755 1417.55642124 494.08067725
432.461637155 798.30762042 1020.83246483 1419.40827309 494.265862435
432.304229748 800.038657457 1020.8345232 1421.25642124 494.45104762
432.14682234 801.769694494 1020.83637789 1423.10827309 494.636232805
431.989414933 803.500731531 1020.83823257 1424.96012494 494.82141799
431.832007526 805.240398198 1020.83288354 1426.80827309 495.006603175
431.674600118 806.971435235 1020.83473822 1428.66012494 495.19178836
431.517192711 808.702472272 1020.8367966 1430.50827309 495.376603175
431.359785303 810.433509309 1020.83865128 1432.36012494 495.56178836
431.202377896 812.173175976 1020.83330225 1434.20827309 495.746603175
431.044970488 813.904213013 1020.83515693 1436.06012494 495.93178836
430.887563081 815.63525005 1020.83701161 1437.91197679 496.116973546
430.730155673 817.366287087 1020.83906999 1439.76012494 496.302158731
430.572748266 819.105953754 1020.83351727 1441.61197679 496.487343916
430.415340859 820.836990791 1020.83557564 1443.46012494 496.672529101
430.257933451 822.568027828 1020.83743033 1445.31197679 496.857714286
430.100526044 824.299064865 1020.83928501 1447.16382864 497.042899471
429.943118636 826.038731532 1020.83393598 1449.01197679 497.227714286
429.785711229 827.769768569 1020.83579066 1450.86382864 497.412899471
429.628303821 829.500805606 1020.83784904 1452.71197679 497.597714286
429.470896414 831.236157458 1020.83600002 1454.56382864 497.782899471
429.313489006 832.97150931 1020.83435469 1456.41197679 497.968084656
429.156081599 834.702546347 1020.83620937 1458.26382864 498.153269842
428.998674192 836.433583384 1020.83806405 1460.11568049 498.338455027
428.841266784 838.17325005 1020.83271503 1461.96382864 498.523640212
428.683859377 839.904287088 1020.83456971 1463.81568049 498.708825397
428.526451969 841.635324125 1020.83662809 1465.66382864 498.893640212
428.369044562 843.366361162 1020.83848277 1467.51568049 499.078825397
428.211637154 845.106027828 1020.83293004 1469.36753235 499.264010582
428.054229747 846.837064865 1020.83498842 1471.21568049 499.448825397
427.896822339 848.568101903 1020.8368431 1473.06753235 499.634010582
427.739414932 850.29913894 1020.83890148 1474.91568049 499.819195767
427.582007525 852.038805606 1020.83334875 1476.76753235 500.004380952
427.424600117 853.769842643 1020.83540713 1478.61568049 500.189566138
427.26719271 855.50087968 1020.83726181 1480.46753235 500.374751323
427.109785302 857.231916718 1020.83911649 1482.3193842 500.559936508
426.952377895 858.971583384 1020.83376747 1484.16753234 500.744751323
426.794970487 860.702620421 1020.83562215 1486.0193842 500.929936508
426.63756308 862.433657458 1020.83768053 1487.86753234 501.114751323
426.480155672 864.16900931 1020.8358315 1489.7193842 501.299936508
426.322748265 865.904361162 1020.83398248 1491.57123605 501.485121693
426.165340858 867.635398199 1020.83604086 1493.4193842 501.670306878
426.00793345 869.366435236 1020.83789554 1495.27123605 501.855492063
425.850526043 871.106101903 1020.83254651 1497.1193842 502.040677248
425.693118635 872.83713894 1020.83440119 1498.97123605 502.225862434
425.535711228 874.568175977 1020.83645957 1500.8193842 502.410677248
425.37830382 876.299213014 1020.83831425 1502.67123605 502.595862434
425.220896413 878.038879681 1020.83276153 1504.5230879 502.781047619
425.063489005 879.769916718 1020.83481991 1506.37123605 502.965862433
424.906081598 881.500953755 1020.83667459 1508.2230879 503.151047619
424.748674191 883.231990792 1020.83873297 1510.07123605 503.336232804
424.591266783 884.971657459 1020.83318024 1511.9230879 503.521417989
424.433859376 886.702694496 1020.83503492 1513.77493975 503.706603174
424.276451968 888.433731533 1020.8370933 1515.6230879 503.891788359
424.119044561 890.16476857 1020.83894798 1517.47493975 504.076973544
423.961637153 891.904435237 1020.83359895 1519.3230879 504.261788359
423.804229746 893.635472274 1020.83545363 1521.17493975 504.446973544
423.646822338 895.366509311 1020.83751201 1523.0230879 504.631788359
423.489414931 897.097546348 1020.83936669 1524.87493975 504.816973544
423.332007524 898.837213015 1020.83381397 1526.7267916 505.002158729
423.174600116 900.568250052 1020.83587235 1528.57493975 505.187343915
423.017192709 902.299287089 1020.83772703 1530.4267916 505.3725291
422.859785301 904.038953755 1020.832378 1532.27493975 505.557714285
422.702377894 905.769990792 1020.83423268 1534.1267916 505.74289947
422.544970486 907.50102783 1020.83608736 1535.97864345 505.928084655
422.387563079 909.232064867 1020.83814574 1537.8267916 506.11289947
422.230155672 910.971731533 1020.83259301 1539.67864345 506.298084655
422.072748264 912.70276857 1020.83465139 1541.5267916 506.48289947
421.915340857 914.433805607 1020.83650607 1543.37864345 506.668084655
421.757933449 916.164842645 1020.83856445 1545.2267916 506.85326984
421.600526042 917.904509311 1020.83301173 1547.07864345 507.038455026
421.443118634 919.635546348 1020.83486641 1548.9304953 507.223640211
421.285711227 921.366583385 1020.83692479 1550.77864345 507.408825396
421.128303819 923.097620422 1020.83877947 1552.6304953 507.594010581
420.970896412 924.837287089 1020.83343044 1554.47864345 507.778825396
420.813489005 926.568324126 1020.83528512 1556.3304953 507.964010581
420.656081597 928.299361163 1020.8371398 1558.18234715 508.149195766
420.49867419 930.0303982 1020.83919818 1560.0304953 508.334010581
420.341266782 931.770064867 1020.83364545 1561.88234715 508.519195766
420.183859375 933.501101904 1020.83570383 1563.7304953 508.704380951
420.026451967 935.232138941 1020.83755851 1565.58234715 508.889566136
419.86904456 936.963175978 1020.8394132 1567.43419901 509.074751322
419.711637152 938.702842645 1020.83406417 1569.28234715 509.259936507
419.554229745 940.433879682 1020.83591885 1571.13419901 509.445121692
419.396822338 942.164916719 1020.83797723 1572.98234715 509.629936507
419.23941493 943.904583386 1020.8324245 1574.834199 509.815121692
419.082007523 945.635620423 1020.83448288 1576.68234715 509.999936507
418.924600115 947.36665746 1020.83633756 1578.534199 510.185121692
418.767192708 949.097694497 1020.83819224 1580.38605086 510.370306877
418.6097853 950.837361164 1020.83284321 1582.234199 510.555492062
418.452377893 952.568398201 1020.8346979 1584.08605086 510.740677247
418.294970485 954.299435238 1020.83675627 1585.934199 510.925862432
418.137563078 956.030472275 1020.83861096 1587.78605086 511.111047618
417.980155671 957.770138942 1020.83305823 1589.63790271 511.296232803
417.822748263 959.501175979 1020.83511661 1591.48605086 511.481047617
417.665340856 961.232213016 1020.83697129 1593.33790271 511.666232803
417.507933448 962.963250053 1020.83902967 1595.18605086 511.851047617
417.350526041 964.70291672 1020.83347694 1597.03790271 512.036232803
417.193118633 966.433953757 1020.83553532 1598.88605086 512.221417988
417.035711226 968.164990794 1020.83739 1600.73790271 512.406603173
416.878303818 969.896027831 1020.83924468 1602.58975456 512.591788358
416.720896411 971.635694497 1020.83389565 1604.43790271 512.776973543
416.563489004 973.366731534 1020.83575034 1606.28975456 512.962158729
416.406081596 975.097768572 1020.83780871 1608.13790271 513.146973544
416.248674189 976.833120423 1020.83595969 1609.98975456 513.332158729
416.091266781 978.568472275 1020.83411067 1611.84160641 513.517343914
416.313822337 979.988398201 1020.83616905 1613.68975456 513.702158729
418.443451966 979.867583386 1020.83802373 1615.54160641 513.887343914
420.573081596 979.755398201 1020.8326747 1617.38975456 514.072529099
422.702711226 979.634583386 1020.83452938 1619.24160641 514.257714284
424.832340855 979.513768572 1020.83658776 1621.08975456 514.44289947
426.961970485 979.392953757 1020.83844244 1622.94160641 514.628084655
429.091600115 979.280768572 1020.83288972 1624.79345826 514.81326984
431.221229744 979.159953757 1020.8349481 1626.64160641 514.998084655
433.350859374 979.039138942 1020.83680278 1628.49345826 515.18326984
435.480489004 978.918324127 1020.83886116 1630.34160641 515.368084655
437.610118633 978.806138942 1020.83330843 1632.19345826 515.55326984
439.739748263 978.685324127 1020.83516311 1634.04531011 515.738455025
441.869377893 978.564509312 1020.83722149 1635.89345826 515.923640211
443.999007522 978.443694498 1020.83907617 1637.74531011 516.108825396
446.128637152 978.331509312 1020.83372714 1639.59345826 516.294010581
448.258266782 978.210694498 1020.83558182 1641.44531011 516.479195766
450.387896411 978.089879683 1020.8376402 1643.29345826 516.664010581
452.517526041 977.969064868 1020.83949488 1645.14531011 516.849195766
454.647155671 977.856879683 1020.83394216 1646.99716196 517.034380952
456.7767853 977.736064868 1020.83600054 1648.84531011 517.219195766
458.90641493 977.615250053 1020.83785522 1650.69716196 517.404380952
461.03604456 977.503064868 1020.83250619 1652.54531011 517.589566137
463.165674189 977.382250053 1020.83436087 1654.39716196 517.774751322
465.295303819 977.261435238 1020.83621555 1656.24901381 517.959936507
467.424933449 977.140620423 1020.83827393 1658.09716196 518.145121693
469.554563078 977.028435238 1020.8327212 1659.94901381 518.330306878
471.684192708 976.907620423 1020.83477958 1661.79716196 518.515121693
473.813822337 976.786805609 1020.83663426 1663.64901381 518.700306878
475.943451967 976.665990794 1020.83869264 1665.49716196 518.885121693
478.073081597 976.553805609 1020.83313992 1667.34901381 519.070306878
480.202711226 976.432990794 1020.8349946 1669.20086566 519.255492063
482.332340856 976.312175979 1020.83705298 1671.04901381 519.440677249
484.461970486 976.191361164 1020.83890766 1672.90086566 519.625862434
486.591600116 976.079175979 1020.83355863 1674.74901381 519.811047619
488.721229745 975.958361164 1020.83541331 1676.60086566 519.996232804
490.850859375 975.837546349 1020.83726799 1678.45271752 520.18141799
492.980489005 975.716731535 1020.83932637 1680.30086566 520.366232805
495.110118634 975.604546349 1020.83377364 1682.15271752 520.55141799
497.239748264 975.483731535 1020.83583202 1684.00086566 520.736232805
499.369377893 975.36291672 1020.8376867 1685.85271752 520.92141799
501.499007523 975.250731535 1020.83233768 1687.70086566 521.106603175
503.628637153 975.12991672 1020.83419236 1689.55271752 521.291788361
505.758266782 975.009101905 1020.83604704 1691.40456937 521.476973546
507.887896412 974.88828709 1020.83810542 1693.25271752 521.662158731
510.017526042 974.776101905 1020.83255269 1695.10456937 521.847343916
512.147155671 974.65528709 1020.83461107 1696.95271752 522.032158731
514.276785301 974.534472275 1020.83646575 1698.80456937 522.217343917
516.406414931 974.413657461 1020.83832043 1700.65642122 522.402529102
518.53604456 974.301472275 1020.8329714 1702.50456937 522.587343917
520.66567419 974.180657461 1020.83482608 1704.35642122 522.772529102
522.79530382 974.059842646 1020.83688446 1706.20456937 522.957714287
524.924933449 973.939027831 1020.83873914 1708.05642122 523.142899473
527.054563079 973.826842646 1020.83318642 1709.90827307 523.328084658
529.184192709 973.706027831 1020.8352448 1711.75642122 523.513269843
531.313822338 973.585213016 1020.83709948 1713.60827307 523.698455028
533.443451968 973.464398201 1020.83915786 1715.45642122 523.883269843
535.573081598 973.352213016 1020.83360513 1717.30827307 524.068455029
537.702711227 973.231398201 1020.83566351 1719.15642122 524.253269843
539.832340857 973.110583387 1020.83751819 1721.00827307 524.438455029
541.961970487 972.989768572 1020.83937287 1722.86012492 524.623640214
544.091600116 972.877583387 1020.83402384 1724.70827307 524.808825399
546.221229746 972.756768572 1020.83587852 1726.56012492 524.994010585
548.350859375 972.635953757 1020.8379369 1728.40827307 525.17919577
550.480489005 972.523768572 1020.83238418 1730.26012492 525.364380955
552.610118635 972.402953757 1020.83423886 1732.11197678 525.54956614
554.739748264 972.282138942 1020.83629724 1733.96012492 525.734380955
556.869377894 972.161324127 1020.83815192 1735.81197678 525.919566141
558.999007524 972.049138942 1020.83280289 1737.66012492 526.104380955
561.128637153 971.928324127 1020.83465757 1739.51197677 526.289566141
563.258266783 971.807509312 1020.83671595 1741.36012492 526.474751326
565.387896412 971.686694498 1020.83857063 1743.21197677 526.659936511
567.517526042 971.574509312 1020.83301791 1745.06382863 526.845121697
569.647155672 971.453694498 1020.83507628 1746.91197677 527.030306882
571.776785301 971.332879683 1020.83693097 1748.76382863 527.215492067
573.906414931 971.212064868 1020.83898934 1750.61197677 527.400306882
576.036044561 971.099879683 1020.83343662 1752.46382863 527.585492067
578.16567419 970.979064868 1020.8352913 1754.31568048 527.770677253
580.29530382 970.858250053 1020.83734968 1756.16382863 527.955492067
582.424933449 970.737435238 1020.83920436 1758.01568048 528.140677253
584.554563079 970.625250053 1020.83385533 1759.86382863 528.325862438
586.684192709 970.504435238 1020.83571001 1761.71568048 528.511047623
588.813822338 970.383620424 1020.83776839 1763.56382863 528.696232809
590.943451968 970.267120424 1020.83591937 1765.41568048 528.881417994
593.073081598 970.150620424 1020.83407035 1767.26753233 529.066603179
595.202711227 970.029805609 1020.83612872 1769.11568048 529.251417994
597.332340857 969.908990794 1020.83798341 1770.96753233 529.436603179
599.461970486 969.796805609 1020.83263438 1772.81568048 529.621417994
601.591600116 969.675990794 1020.83448906 1774.66753233 529.806603179
603.721229746 969.555175979 1020.83634374 1776.51938418 529.991788365
605.850859375 969.434361164 1020.83840212 1778.36753233 530.17697355
607.980489005 969.322175979 1020.83284939 1780.21938418 530.362158735
610.110118635 969.201361164 1020.83490777 1782.06753233 530.547343921
612.239748264 969.080546349 1020.83676245 1783.91938418 530.732529106
614.369377894 968.959731535 1020.83882083 1785.76753233 530.917343921
616.499007523 968.847546349 1020.83326811 1787.61938418 531.102529106
618.628637153 968.726731535 1020.83512279 1789.47123603 531.287714291
620.758266783 968.60591672 1020.83718117 1791.31938418 531.472529106
622.887896412 968.485101905 1020.83903585 1793.17123603 531.657714291
625.017526042 968.37291672 1020.83368682 1795.01938418 531.842899477
627.147155672 968.252101905 1020.8355415 1796.87123603 532.028084662
629.276785301 968.13128709 1020.83739618 1798.72308789 532.213269847
631.406414931 968.010472275 1020.83945456 1800.57123603 532.398455032
633.536044561 967.89828709 1020.83390183 1802.42308789 532.583640218
635.66567419 967.777472275 1020.83596021 1804.27123603 532.768455033
637.79530382 967.656657461 1020.83781489 1806.12308789 532.953640218
639.92493345 967.544472275 1020.83246586 1807.97123603 533.138455033
642.054563079 967.423657461 1020.83432055 1809.82308789 533.323640218
644.184192709 967.302842646 1020.83617523 1811.67493974 533.508825403
646.313822339 967.182027831 1020.83823361 1813.52308789 533.694010589
648.443451969 967.069842646 1020.83268088 1815.37493974 533.879195774
650.573081598 966.949027831 1020.83473926 1817.22308788 534.064380959
652.702711228 966.828213016 1020.83659394 1819.07493974 534.249566144
654.832340858 966.707398201 1020.83844862 1820.92679159 534.43475133
656.961970487 966.595213016 1020.83309959 1822.77493974 534.619566145
659.091600117 966.474398201 1020.83495427 1824.62679159 534.80475133
661.221229747 966.353583386 1020.83701265 1826.47493974 534.989566145
663.350859376 966.232768572 1020.83886733 1828.32679159 535.17475133
665.480489006 966.120583386 1020.8335183 1830.17493974 535.359936515
667.610118636 965.999768572 1020.83537299 1832.02679159 535.545121701
669.739748265 965.878953757 1020.83722767 1833.87864344 535.730306886
671.869377895 965.758138942 1020.83928605 1835.72679159 535.915492071
673.999007525 965.645953757 1020.83373332 1837.57864344 536.100677256
676.128637154 965.525138942 1020.8357917 1839.42679159 536.285492071
678.258266784 965.404324127 1020.83764638 1841.27864344 536.470677257
680.387896414 965.283509312 1020.83950106 1843.13049529 536.655862442
682.517526043 965.171324127 1020.83415203 1844.97864344 536.840677257
684.647155673 965.050509312 1020.83600671 1846.83049529 537.025862442
686.776785303 964.929694498 1020.83806509 1848.67864344 537.211047627
688.906414932 964.817509312 1020.83251237 1850.53049529 537.396232813
691.036044562 964.696694498 1020.83457075 1852.37864344 537.581417998
693.165674192 964.575879683 1020.83642543 1854.23049529 537.766603183
695.295303821 964.455064868 1020.83828011 1856.08234714 537.951788368
697.424933451 964.342879683 1020.83293108 1857.93049529 538.136603183
699.554563081 964.222064868 1020.83478576 1859.78234714 538.321788369
701.68419271 964.101250053 1020.83684414 1861.63049529 538.506603184
703.81382234 963.980435238 1020.83869882 1863.48234714 538.691788369
705.94345197 963.868250053 1020.83314609 1865.334199 538.876973554
708.0730816 963.747435238 1020.83520447 1867.18234714 539.062158739
710.202711229 963.626620424 1020.83705915 1869.034199 539.247343925
712.332340859 963.505805609 1020.83911753 1870.88234714 539.43252911
714.461970489 963.393620424 1020.83356481 1872.734199 539.617714295
716.591600118 963.272805609 1020.83541949 1874.58605085 539.80289948
718.721229748 963.151990794 1020.83747787 1876.434199 539.987714295
720.850859378 963.031175979 1020.83933255 1878.28605085 540.172899481
722.980489007 962.918990794 1020.83398352 1880.134199 540.357714296
725.110118637 962.798175979 1020.8358382 1881.98605085 540.542899481
727.239748267 962.677361164 1020.83789658 1883.834199 540.728084666
729.369377896 962.565175979 1020.83234385 1885.68605085 540.913269851
731.499007526 962.444361164 1020.83419853 1887.5379027 541.098455037
733.628637156 962.323546349 1020.83625691 1889.38605085 541.283640222
735.758266785 962.202731535 1020.83811159 1891.2379027 541.468825407
737.887896415 962.090546349 1020.83276257 1893.08605085 541.653640222
740.017526045 961.969731535 1020.83461725 1894.9379027 541.838825407
742.147155674 961.84891672 1020.83647193 1896.78975455 542.024010593
744.276785304 961.728101905 1020.83853031 1898.6379027 542.208825408
746.406414934 961.61591672 1020.83297758 1900.48975455 542.394010593
748.536044563 961.495101905 1020.83503596 1902.3379027 542.579195778
750.665674193 961.37428709 1020.83689064 1904.18975455 542.764380963
752.795303823 961.253472275 1020.83894902 1906.0379027 542.949566149
754.924933452 961.14128709 1020.83339629 1907.88975455 543.134751334
757.054563082 961.020472275 1020.83525098 1909.7416064 543.319936519
759.184192712 960.899657461 1020.83730935 1911.58975455 543.504751334
761.313822341 960.778842646 1020.83916404 1913.4416064 543.689936519
763.443451971 960.666657461 1020.83381501 1915.28975455 543.874751334
765.573081601 960.545842646 1020.83566969 1917.1416064 544.059936519
767.70271123 960.425027831 1020.83752437 1918.99345825 544.245121705
769.83234086 960.308527831 1020.83587904 1920.8416064 544.43030689
771.96197049 960.192027831 1020.83403002 1922.69345825 544.615492075
774.09160012 960.071213016 1020.8360884 1924.5416064 544.80067726
776.221229749 959.950398201 1020.83794308 1926.39345825 544.985862446
778.350859379 959.838213016 1020.83259405 1928.2416064 545.17067726
780.480489009 959.717398201 1020.83444873 1930.09345825 545.355862446
782.610118638 959.596583386 1020.83630342 1931.9453101 545.541047631
784.739748268 959.475768572 1020.83836179 1933.79345825 545.725862446
786.869377898 959.363583386 1020.83280907 1935.6453101 545.911047631
788.999007527 959.242768572 1020.83486745 1937.49345825 546.096232816
791.128637157 959.121953757 1020.83672213 1939.3453101 546.281418001
793.258266787 959.001138942 1020.83857681 1941.19716196 546.466603187
795.387896416 958.888953757 1020.83322778 1943.0453101 546.651788372
797.517526046 958.768138942 1020.83508246 1944.89716196 546.836973557
799.647155676 958.647324127 1020.83714084 1946.7453101 547.021788372
801.776785305 958.526509312 1020.83899552 1948.59716196 547.206973557
803.906414935 958.414324127 1020.83364649 1950.4453101 547.391788372
806.036044565 958.293509312 1020.83550117 1952.29716195 547.576973557
808.165674194 958.172694498 1020.83735586 1954.14901381 547.762158742
810.295303824 958.051879683 1020.83941424 1955.99716195 547.947343928
812.424933454 957.939694498 1020.83386151 1957.84901381 548.132529113
814.554563083 957.818879683 1020.83591989 1959.69716195 548.317714298
816.684192713 957.698064868 1020.83777457 1961.54901381 548.502899483
818.813822343 957.581564868 1020.83592555 1963.40086566 548.688084668
820.943451972 957.465064868 1020.83428022 1965.24901381 548.872899483
823.073081602 957.344250053 1020.8361349 1967.10086566 549.058084669
825.202711232 957.223435238 1020.83819328 1968.94901381 549.242899483
827.332340861 957.111250053 1020.83264056 1970.80086566 549.428084669
829.461970491 956.990435238 1020.83469893 1972.64901381 549.613269854
831.591600121 956.869620423 1020.83655362 1974.50086566 549.798455039
833.721229751 956.748805609 1020.8384083 1976.35271751 549.983640224
835.85085938 956.636620423 1020.83305927 1978.20086566 550.168825409
837.98048901 956.515805609 1020.83491395 1980.05271751 550.354010595
840.11011864 956.394990794 1020.83697233 1981.90086566 550.53882541
842.239748269 956.274175979 1020.83882701 1983.75271751 550.724010595
844.369377899 956.161990794 1020.83327428 1985.60456936 550.90919578
846.499007529 956.041175979 1020.83533266 1987.45271751 551.094010595
848.628637158 955.920361164 1020.83718734 1989.30456936 551.27919578
850.758266788 955.799546349 1020.83924572 1991.15271751 551.464380965
852.887896418 955.687361164 1020.833693 1993.00456936 551.649566151
855.017526047 955.566546349 1020.83575137 1994.85271751 551.834751336
857.147155677 955.445731535 1020.83760606 1996.70456936 552.019936521
859.276785307 955.32491672 1020.83946074 1998.55642121 552.205121706
861.406414936 955.212731535 1020.83411171 2000.40456936 552.389936521
863.536044566 955.09191672 1020.83596639 2002.25642121 552.575121706
865.665674196 954.971101905 1020.83802477 2004.10456936 552.759936521
867.795303825 954.85891672 1020.83247204 2005.95642121 552.945121706
869.924933455 954.738101905 1020.83432672 2007.80827306 553.130306892
872.054563085 954.61728709 1020.8363851 2009.65642121 553.315492077
874.184192714 954.496472275 1020.83823978 2011.50827306 553.500677262
876.313822344 954.38428709 1020.83289076 2013.35642121 553.685862447
878.443451974 954.263472275 1020.83474544 2015.20827306 553.871047632
880.573081603 954.14265746 1020.83660012 2017.06012491 554.056232818
882.702711233 954.021842646 1020.8386585 2018.90827306 554.241047632
884.832340863 953.90965746 1020.83310577 2020.76012491 554.426232818
886.961970492 953.788842646 1020.83516415 2022.60827306 554.611047633
889.091600122 953.668027831 1020.83701883 2024.46012491 554.796232818
891.221229752 953.547213016 1020.83907721 2026.30827306 554.981418003
893.350859382 953.435027831 1020.83352448 2028.16012491 555.166603188
895.480489011 953.314213016 1020.83537916 2030.01197676 555.351788373
897.610118641 953.193398201 1020.83743754 2031.86012491 555.536973559
899.739748271 953.072583386 1020.83929222 2033.71197676 555.722158744
901.8693779 952.960398201 1020.8339432 2035.56012491 555.906973559
903.99900753 952.839583386 1020.83579788 2037.41197676 556.092158744
906.12863716 952.718768572 1020.83765256 2039.26382862 556.277343929
908.258266789 952.602268572 1020.83600723 2041.11197676 556.462158744
910.387896419 952.485768572 1020.83415821 2042.96382861 556.647343929
912.517526049 952.364953757 1020.83621659 2044.81197676 556.832529114
914.647155678 952.244138942 1020.83807127 2046.66382861 557.0177143
916.776785308 952.131953757 1020.83272224 2048.51197676 557.202899485
918.906414938 952.011138942 1020.83457692 2050.36382861 557.38808467
921.036044567 951.890324127 1020.8364316 2052.21568047 557.573269855
923.165674197 951.769509312 1020.83848998 2054.06382862 557.75808467
925.295303827 951.657324127 1020.83293726 2055.91568047 557.943269855
927.424933456 951.536509312 1020.83499564 2057.76382862 558.12808467
929.554563086 951.415694497 1020.83685032 2059.61568047 558.313269855
931.684192716 951.294879683 1020.838705 2061.46753232 558.498455041
933.813822345 951.182694497 1020.83335597 2063.31568047 558.683640226
935.943451975 951.061879683 1020.83521065 2065.16753232 558.868825411
938.073081605 950.941064868 1020.83726903 2067.01568047 559.054010596
940.202711234 950.820250053 1020.83912371 2068.86753232 559.239195782
942.332340864 950.708064868 1020.83377468 2070.71568047 559.424010596
944.461970494 950.587250053 1020.83562936 2072.56753232 559.609195782
946.591600123 950.466435238 1020.83748404 2074.41938417 559.794380967
948.721229753 950.349935238 1020.83583872 2076.26753232 559.979195782
950.850859383 950.233435238 1020.8339897 2078.11938417 560.164380967
952.980489012 950.112620423 1020.83604808 2079.96753232 560.349566152
955.110118642 949.991805609 1020.83790276 2081.81938417 560.534751337
957.239748272 949.879620423 1020.83235003 2083.67123603 560.719936523
959.369377901 949.758805609 1020.83440841 2085.51938417 560.905121708
961.499007531 949.637990794 1020.83626309 2087.37123603 561.090306893
963.62863716 949.517175979 1020.83832147 2089.21938417 561.275121708
965.75826679 949.404990794 1020.83276874 2091.07123603 561.460306893
967.88789642 949.284175979 1020.83482712 2092.91938417 561.645121708
970.017526049 949.163361164 1020.8366818 2094.77123603 561.830306893
972.147155679 949.042546349 1020.83853649 2096.62308788 562.015492078
974.276785309 948.930361164 1020.83318746 2098.47123603 562.200677264
976.406414938 948.809546349 1020.83504214 2100.32308788 562.385862449
978.536044568 948.688731535 1020.83710052 2102.17123603 562.571047634
980.665674197 948.56791672 1020.8389552 2104.02308788 562.756232819
982.795303827 948.455731534 1020.83340247 2105.87493973 562.941418004
984.924933457 948.33491672 1020.83546085 2107.72308788 563.126232819
987.054563086 948.214101905 1020.83731553 2109.57493973 563.311418005
989.184192716 948.09328709 1020.83937391 2111.42308788 563.496232819
991.313822346 947.981101905 1020.83382118 2113.27493973 563.681418005
993.443451975 947.86028709 1020.83587956 2115.12308788 563.86660319
995.573081605 947.739472275 1020.83773424 2116.97493973 564.051788375
997.702711234 947.622972275 1020.83588522 2118.82679158 564.23697356
999.832340864 947.506472275 1020.8342399 2120.67493973 564.422158745
1000.00697049 947.38565746 1020.83609458 2122.52679159 564.607343931
1000.00697049 947.264842646 1020.83815296 2124.37493973 564.792158746
1000.00697049 947.15265746 1020.83260023 2126.22679159 564.977343931
1000.00697049 947.031842646 1020.83445491 2128.07864344 565.162529116
1000.00697049 946.911027831 1020.83651329 2129.92679159 565.347343931
1000.00697049 946.790213016 1020.83836797 2131.77864344 565.532529116
1000.00697049 946.678027831 1020.83301894 2133.62679159 565.717714301
1000.00697049 946.557213016 1020.83487363 2135.47864344 565.902899486
1000.00697049 946.436398201 1020.836932 2137.32679159 566.088084672
1000.00697049 946.315583386 1020.83878669 2139.17864344 566.273269857
1000.00697049 946.203398201 1020.83323396 2141.03049529 566.458455042
1000.00697049 946.082583386 1020.83529234 2142.87864344 566.643269857
1000.00697049 945.961768572 1020.83714702 2144.73049529 566.828455042
1000.00697049 945.840953757 1020.8392054 2146.57864344 567.013269857
1000.00697049 945.728768572 1020.83365267 2148.43049529 567.198455042
1000.00697049 945.607953757 1020.83550735 2150.28234714 567.383640228
1000.00697049 945.487138942 1020.83756573 2152.13049529 567.568825413
1000.00697049 945.366324127 1020.83942041 2153.98234714 567.754010598
1000.00697049 945.254138942 1020.83407138 2155.83049529 567.939195783
1000.00697049 945.133324127 1020.83592607 2157.68234714 568.124380968
1000.00697049 945.012509312 1020.83778075 2159.534199 568.309566154
1000.00697049 944.900324127 1020.83243172 2161.38234714 568.494380968
1000.00697049 944.779509312 1020.8342864 2163.234199 568.679566154
1000.00697049 944.658694497 1020.83634478 2165.08234715 568.864380969
1000.00697049 944.537879683 1020.83819946 2166.934199 569.049566154
1000.00697049 944.425694497 1020.83285043 2168.78234715 569.234751339
1000.00697049 944.304879683 1020.83470511 2170.634199 569.419936524
1000.00697049 944.184064868 1020.83655979 2172.48605085 569.605121709
1000.00697049 944.063250053 1020.83861817 2174.334199 569.790306895
1000.00697049 943.951064868 1020.83306545 2176.18605085 569.97549208
1000.00697049 943.830250053 1020.83512383 2178.034199 570.160306895
1000.00697049 943.709435238 1020.83697851 2179.88605085 570.34549208
1000.00697049 943.588620423 1020.83883319 2181.7379027 570.530677265
1000.00697049 943.476435238 1020.83348416 2183.58605085 570.71549208
1000.00697049 943.355620423 1020.83533884 2185.4379027 570.900677265
1000.00697049 943.234805609 1020.83739722 2187.28605085 571.08586245
1000.00697049 943.113990794 1020.8392519 2189.1379027 571.271047636
1000.00697049 943.001805609 1020.83390287 2190.98605085 571.456232821
1000.00697049 942.880990794 1020.83575755 2192.8379027 571.641418006
1000.00697049 942.760175979 1020.83761223 2194.68975456 571.826603191
1000.00697049 942.643675979 1020.83596691 2196.5379027 572.011418006
1000.00697049 942.527175979 1020.83411789 2198.38975456 572.196603191
1000.00697049 942.406361164 1020.83617627 2200.2379027 572.381418006
1000.00697049 942.285546349 1020.83803095 2202.08975456 572.566603191
1000.00697049 942.173361164 1020.83247822 2203.94160641 572.751788377
1000.00697049 942.052546349 1020.8345366 2205.78975456 572.936973562
1000.00697049 941.931731535 1020.83639128 2207.64160641 573.122158747
1000.00697049 941.81091672 1020.83844966 2209.48975456 573.307343932
1000.00697049 941.698731535 1020.83289693 2211.34160641 573.492529118
1000.00697049 941.57791672 1020.83495531 2213.18975456 573.677343932
1000.00697049 941.457101905 1020.83680999 2215.04160641 573.862529118
1000.00697049 941.33628709 1020.83866467 2216.89345826 574.047714303
1000.00697049 941.224101905 1020.83331565 2218.74160641 574.232529118
1000.00697049 941.10328709 1020.83517033 2220.59345826 574.417714303
1000.00697049 940.982472275 1020.83722871 2222.44160641 574.602899488
1000.00697049 940.861657461 1020.83908339 2224.29345826 574.788084673
1000.00697049 940.749472275 1020.83353066 2226.14531011 574.973269859
1000.00697049 940.628657461 1020.83558904 2227.99345826 575.158455044
1000.00697049 940.507842646 1020.83744372 2229.84531011 575.343640229
1000.00697049 940.387027831 1020.8395021 2231.69345826 575.528455044
1000.00697049 940.274842646 1020.83394937 2233.54531011 575.713640229
1000.00697049 940.154027831 1020.83600775 2235.39345826 575.898455044
1000.00697049 940.033213016 1020.83786243 2237.24531012 576.083640229
1000.00697049 939.916713016 1020.83601341 2239.09716197 576.268825414
1000.00697049 939.800213016 1020.83436809 2240.94531012 576.4540106
1000.00697049 939.679398201 1020.83622277 2242.79716197 576.639195785
1000.00697049 939.558583386 1020.83828115 2244.64531012 576.82438097
1000.00697049 939.446398201 1020.83272842 2246.49716197 577.009566155
1000.00697049 939.325583386 1020.8345831 2248.34901382 577.19475134
1000.00697049 939.204768572 1020.83664148 2250.19716197 577.379566155
1000.00697049 939.083953757 1020.83849616 2252.04901382 577.564751341
1000.00697049 938.971768572 1020.83314713 2253.89716197 577.749566155
1000.00697049 938.850953757 1020.83500181 2255.74901382 577.934751341
1000.00697049 938.730138942 1020.83706019 2257.59716197 578.119936526
1000.00697049 938.609324127 1020.83891487 2259.44901382 578.305121711
1000.00697049 938.497138942 1020.83336215 2261.30086567 578.490306896
1000.00697049 938.376324127 1020.83542053 2263.14901382 578.675492081
1000.00697049 938.255509312 1020.83727521 2265.00086567 578.860677267
1000.00697049 938.134694498 1020.83933359 2266.84901382 579.045492082
1000.00697049 938.022509312 1020.83378086 2268.70086567 579.230677267
1000.00697049 937.901694498 1020.83563554 2270.55271753 579.415862452
1000.00697049 937.780879683 1020.83769392 2272.40086567 579.600677267
1000.00697049 937.664379683 1020.8358449 2274.25271753 579.785862452
1000.00697049 937.547879683 1020.83419957 2276.10086567 579.971047637
1000.00697049 937.427064868 1020.83605425 2277.95271753 580.156232822
1000.00697049 937.306250053 1020.83811263 2279.80086568 580.341418008
1000.00697049 937.194064868 1020.83255991 2281.65271753 580.526603193
1000.00697049 937.073250053 1020.83441459 2283.50456938 580.711788378
1000.00697049 936.952435238 1020.83647297 2285.35271753 580.896603193
1000.00697049 936.831620424 1020.83832765 2287.20456938 581.081788378
1000.00697049 936.719435238 1020.83297862 2289.05271753 581.266603193
1000.00697049 936.598620424 1020.8348333 2290.90456938 581.451788378
1000.00697049 936.477805609 1020.83668798 2292.75642123 581.636973564
1000.00697049 936.356990794 1020.83874636 2294.60456938 581.822158749
1000.00697049 936.244805609 1020.83319363 2296.45642123 582.007343934
1000.00697049 936.123990794 1020.83525201 2298.30456938 582.192529119
1000.00697049 936.003175979 1020.8371067 2300.15642123 582.377714304
1000.00697049 935.882361164 1020.83896138 2302.00827308 582.56289949
1000.00697049 935.770175979 1020.83361235 2303.85642123 582.747714304
1000.00697049 935.649361164 1020.83546703 2305.70827309 582.93289949
1000.00697049 935.52854635 1020.83752541 2307.55642123 583.117714305
1000.00697049 935.407731535 1020.83938009 2309.40827309 583.30289949
1000.00697049 935.29554635 1020.83403106 2311.25642123 583.488084675
1000.00697049 935.174731535 1020.83588574 2313.10827309 583.67326986
1000.00697049 935.05391672 1020.83774042 2314.96012494 583.858455045
1000.00697049 934.941731535 1020.83239139 2316.80827309 584.043640231
1000.00697049 934.82091672 1020.83424608 2318.66012494 584.228825416
1000.00697049 934.700101905 1020.83630445 2320.50827309 584.413640231
1000.00697049 934.57928709 1020.83815914 2322.36012494 584.598825416
1000.00697049 934.467101905 1020.83260641 2324.21197679 584.784010601
1000.00697049 934.34628709 1020.83466479 2326.06012494 584.968825416
1000.00697049 934.225472275 1020.83651947 2327.91197679 585.154010601
1000.00697049 934.104657461 1020.83857785 2329.76012494 585.339195786
1000.00697049 933.992472275 1020.83302512 2331.61197679 585.524380972
1000.00697049 933.871657461 1020.8350835 2333.46012494 585.709566157
1000.00697049 933.750842646 1020.83693818 2335.31197679 585.894751342
1000.00697049 933.630027831 1020.83879286 2337.16382864 586.079936527
1000.00697049 933.517842646 1020.83344383 2339.01197679 586.264751342
1000.00697049 933.397027831 1020.83529852 2340.86382864 586.449936527
1000.00697049 933.276213016 1020.8373569 2342.71197679 586.634751342
1000.00697049 933.155398201 1020.83921158 2344.56382864 586.819936527
1000.00697049 933.043213016 1020.83365885 2346.4156805 587.005121713
1000.00697049 932.922398201 1020.83571723 2348.26382865 587.190306898
1000.00697049 932.801583387 1020.83757191 2350.1156805 587.375492083
1000.00697049 932.685083387 1020.83592659 2351.96382865 587.560677268
1000.00697049 932.568583387 1020.83407756 2353.8156805 587.745862454
1000.00697049 932.447768572 1020.83613594 2355.66382865 587.930677268
1000.00697049 932.326953757 1020.83799062 2357.5156805 588.115862454
1000.00697049 932.214768572 1020.8324379 2359.36753235 588.301047639
1000.00697049 932.093953757 1020.83449628 2361.2156805 588.485862454
1000.00697049 931.973138942 1020.83635096 2363.06753235 588.671047639
1000.00697049 931.852324127 1020.83840934 2364.9156805 588.856232824
1000.00697049 931.740138942 1020.83285661 2366.76753235 589.041418009
1000.00697049 931.619324127 1020.83471129 2368.6193842 589.226603195
1000.00697049 931.498509313 1020.83676967 2370.46753235 589.41178838
1000.00697049 931.377694498 1020.83862435 2372.3193842 589.596973565
1000.00697049 931.265509313 1020.83327532 2374.16753235 589.78178838
1000.00697049 931.144694498 1020.83513 2376.0193842 589.966973565
1000.00697049 931.023879683 1020.83718838 2377.86753235 590.15178838
1000.00697049 930.903064868 1020.83904306 2379.7193842 590.336973565
1000.00697049 930.790879683 1020.83349034 2381.57123606 590.52215875
1000.00697049 930.670064868 1020.83554872 2383.4193842 590.707343936
1000.00697049 930.549250053 1020.8374034 2385.27123606 590.892529121
1000.00697049 930.428435238 1020.83946178 2387.1193842 591.077714306
1000.00697049 930.316250053 1020.83390905 2388.97123606 591.262899491
1000.00697049 930.195435238 1020.83576373 2390.82308791 591.448084676
1000.00697049 930.074620424 1020.83782211 2392.67123606 591.632899491
1000.00697049 929.958120424 1020.83597309 2394.52308791 591.818084677
1000.00697049 929.841620424 1020.83432776 2396.37123606 592.002899491
1000.00697049 929.720805609 1020.83618244 2398.22308791 592.188084677
1000.00697049 929.599990794 1020.83824082 2400.07123606 592.373269862
1000.00697049 929.487805609 1020.8326881 2401.92308791 592.558455047
1000.00697049 929.366990794 1020.83454278 2403.77493976 592.743640232
1000.00697049 929.246175979 1020.83660116 2405.62308791 592.928825417
1000.00697049 929.125361164 1020.83845584 2407.47493976 593.114010603
1000.00697049 929.013175979 1020.83310681 2409.32308791 593.298825418
1000.00697049 928.892361164 1020.83496149 2411.17493976 593.484010603
1000.00697049 928.77154635 1020.83681617 2413.02679161 593.669195788
1000.00697049 928.650731535 1020.83887455 2414.87493976 593.854010603
1000.00697049 928.53854635 1020.83332182 2416.72679161 594.039195788
1000.00697049 928.417731535 1020.8353802 2418.57493976 594.224380973
1000.00697049 928.29691672 1020.83723488 2420.42679162 594.409566158
1000.00697049 928.176101905 1020.83929326 2422.27493976 594.594751344
1000.00697049 928.06391672 1020.83374054 2424.12679162 594.779936529
1000.00697049 927.943101905 1020.83559522 2425.97864347 594.965121714
1000.00697049 927.82228709 1020.8376536 2427.82679162 595.149936529
1000.00697049 927.701472276 1020.83950828 2429.67864347 595.335121714
1000.00697049 927.58928709 1020.83415925 2431.52679162 595.519936529
1000.00697049 927.468472276 1020.83601393 2433.37864347 595.705121714
1000.00697049 927.347657461 1020.83786861 2435.23049532 595.890306899
1000.00697049 927.235472276 1020.83251958 2437.07864347 596.075492085
1000.00697049 927.114657461 1020.83437426 2438.93049532 596.26067727
1000.00697049 926.993842646 1020.83643264 2440.77864347 596.445862455
1000.00697049 926.873027831 1020.83828732 2442.63049532 596.63104764
1000.00697049 926.760842646 1020.8329383 2444.47864347 596.815862455
1000.00697049 926.640027831 1020.83479298 2446.33049532 597.00104764
1000.00697049 926.519213016 1020.83664766 2448.18234717 597.186232826
1000.00697049 926.398398202 1020.83870604 2450.03049532 597.371047641
1000.00697049 926.286213016 1020.83315331 2451.88234717 597.556232826
1000.00697049 926.165398202 1020.83521169 2453.73049532 597.741418011
1000.00697049 926.044583387 1020.83706637 2455.58234717 597.926603196
1000.00697049 925.923768572 1020.83892105 2457.43419903 598.111788381
1000.00697049 925.811583387 1020.83357202 2459.28234717 598.296973567
1000.00697049 925.690768572 1020.8354267 2461.13419903 598.482158752
1000.00697049 925.569953757 1020.83748508 2462.98234718 598.666973567
1000.00697049 925.449138942 1020.83933976 2464.83419903 598.852158752
1000.00697049 925.336953757 1020.83378704 2466.68605088 599.037343937
1000.00697049 925.216138942 1020.83584542 2468.53419903 599.222158752
1000.00697049 925.095324127 1020.8377001 2470.38605088 599.407343937
1000.00697049 924.983138942 1020.83235107 2472.23419903 599.592529122
1000.00697049 924.862324127 1020.83420575 2474.08605088 599.777714308
1000.00697049 924.741509313 1020.83626413 2475.93419903 599.962899493
1000.00697049 924.620694498 1020.83811881 2477.78605088 600.148084678
1000.00697049 924.508509313 1020.83256609 2479.63790273 600.333269863
1000.00697049 924.387694498 1020.83462446 2481.48605088 600.518084678
1000.00697049 924.266879683 1020.83647915 2483.33790273 600.703269863
1000.00697049 924.146064868 1020.83853752 2485.18605088 600.888084678
1000.00697049 924.033879683 1020.8329848 2487.03790273 601.073269863
1000.00697049 923.913064868 1020.83483948 2488.88975459 601.258455049
1000.00697049 923.792250053 1020.83689786 2490.73790273 601.443640234
1000.00697049 923.671435239 1020.83875254 2492.58975459 601.628825419
1000.00697049 923.559250053 1020.83340351 2494.43790273 601.814010604
1000.00697049 923.438435239 1020.83525819 2496.28975459 601.99919579
1000.00697049 923.317620424 1020.83731657 2498.13790273 602.184010604
1000.00697049 923.196805609 1020.83917125 2499.98975459 602.36919579
1000.00697049 923.084620424 1020.83361853 2501.84160644 602.554380975
1000.00697049 922.963805609 1020.8356769 2503.68975459 602.73919579
1000.00697049 922.842990794 1020.83753159 2505.54160644 602.924380975
1000.00697049 922.726490794 1020.83588626 2507.38975459 603.10956616
1000.00697049 922.609990794 1020.83403724 2509.24160644 603.294751345
1000.00697049 922.489175979 1020.83589192 2511.09345829 603.479936531
1000.00697049 922.368361165 1020.8379503 2512.94160644 603.665121716
1000.00697049 922.256175979 1020.83239757 2514.79345829 603.850306901
1000.00697049 922.135361165 1020.83445595 2516.64160644 604.035121716
1000.00697049 922.01454635 1020.83631063 2518.49345829 604.220306901
1000.00697049 921.893731535 1020.83836901 2520.34160644 604.405121716
1000.00697049 921.78154635 1020.83281629 2522.19345829 604.590306901
1000.00697049 921.660731535 1020.83467097 2524.04531014 604.775492086
1000.00697049 921.53991672 1020.83672935 2525.89345829 604.960677272
1000.00697049 921.419101905 1020.83858403 2527.74531014 605.145862457
1000.00697049 921.30691672 1020.833235 2529.59345829 605.331047642
1000.00697049 921.186101905 1020.83508968 2531.44531015 605.516232827
1000.00697049 921.065287091 1020.83694436 2533.297162 605.701418012
1000.00697049 920.944472276 1020.83900274 2535.14531015 605.886232827
1000.00697049 920.832287091 1020.83345001 2536.997162 606.071418013
1000.00697049 920.711472276 1020.83550839 2538.84531015 606.256232827
1000.00697049 920.590657461 1020.83736307 2540.697162 606.441418013
1000.00697049 920.469842646 1020.83942145 2542.54531015 606.626603198
1000.00697049 920.357657461 1020.83386873 2544.397162 606.811788383
1000.00697049 920.236842646 1020.83572341 2546.24901385 606.996973568
1000.00697049 920.116027831 1020.83778179 2548.097162 607.182158753
1000.00697049 919.999527831 1020.83593276 2549.94901385 607.367343939
1000.00697049 919.883027831 1020.83428744 2551.797162 607.552158754
1000.00697049 919.762213016 1020.83614212 2553.64901385 607.737343939
1000.00697049 919.641398202 1020.8379968 2555.5008657 607.922529124
1000.00697049 919.529213016 1020.83264777 2557.34901385 608.107343939
1000.00697049 919.408398202 1020.83450245 2559.2008657 608.292529124
1000.00697049 919.287583387 1020.83656083 2561.04901385 608.477714309
1000.00697049 919.166768572 1020.83841551 2562.9008657 608.662899494
1000.00697049 919.054583387 1020.83306649 2564.74901385 608.84808468
1000.00697049 918.933768572 1020.83492117 2566.6008657 609.033269865
1000.00697049 918.812953757 1020.83677585 2568.45271756 609.21845505
1000.00697049 918.692138942 1020.83883423 2570.3008657 609.403269865
1000.00697049 918.579953757 1020.8332815 2572.15271756 609.58845505
1000.00697049 918.459138942 1020.83533988 2574.00086571 609.773269865
1000.00697049 918.338324128 1020.83719456 2575.85271756 609.95845505
1000.00697049 918.217509313 1020.83904924 2577.70456941 610.143640235
1000.00697049 918.105324128 1020.83370021 2579.55271756 610.328825421
1000.00697049 917.984509313 1020.83555489 2581.40456941 610.514010606
1000.00697049 917.863694498 1020.83761327 2583.25271756 610.699195791
1000.00697049 917.742879683 1020.83946795 2585.10456941 610.884380976
1000.00697049 917.630694498 1020.83411893 2586.95271756 611.069195791
1000.00697049 917.509879683 1020.83597361 2588.80456941 611.254380976
1000.00697049 917.389064868 1020.83782829 2590.65642126 611.439566162
1000.00697049 917.276879683 1020.83247926 2592.50456941 611.624380977
1000.00697049 917.156064868 1020.83433394 2594.35642126 611.809566162
1000.00697049 917.035250054 1020.83639232 2596.20456941 611.994751347
1000.00697049 916.914435239 1020.838247 2598.05642126 612.179936532
1000.00697049 916.802250054 1020.83269427 2599.90827312 612.365121717
1000.00697049 916.681435239 1020.83475265 2601.75642126 612.550306903
1000.00697049 916.560620424 1020.83660733 2603.60827312 612.735492088
1000.00697049 916.439805609 1020.83866571 2605.45642126 612.920306903
1000.00697049 916.327620424 1020.83311299 2607.30827312 613.105492088
1000.00697049 916.206805609 1020.83496767 2609.16012497 613.290677273
1000.00697049 916.085990794 1020.83702605 2611.00827312 613.475492088
1000.00697049 915.965175979 1020.83888073 2612.86012497 613.660677273
1000.00697049 915.852990794 1020.8335317 2614.70827312 613.845862458
1000.00697049 915.73217598 1020.83538638 2616.56012497 614.031047644
1000.00697049 915.611361165 1020.83744476 2618.40827312 614.216232829
1000.00697049 915.49054635 1020.83929944 2620.26012497 614.401418014
1000.00697049 915.378361165 1020.83374671 2622.11197682 614.586603199
1000.00697049 915.25754635 1020.83580509 2623.96012497 614.771418014
1000.00697049 915.136731535 1020.83765977 2625.81197682 614.956603199
1000.00697049 915.020231535 1020.83601445 2627.66012497 615.141418014
1000.00697049 914.903731535 1020.83416543 2629.51197682 615.326603199
1000.00697049 914.78291672 1020.83602011 2631.36382867 615.511788385
1000.00697049 914.662101905 1020.83807849 2633.21197682 615.69697357
1000.00697049 914.54991672 1020.83252576 2635.06382867 615.882158755
1000.00697049 914.429101905 1020.83458414 2636.91197682 616.06734394
1000.00697049 914.308287091 1020.83643882 2638.76382867 616.252529126
1000.00697049 914.187472276 1020.8384972 2640.61197682 616.43734394
1000.00697049 914.075287091 1020.83294447 2642.46382867 616.622529126
1000.00697049 913.954472276 1020.83479916 2644.31568053 616.807714311
1000.00697049 913.833657461 1020.83685753 2646.16382868 616.992529126
1000.00697049 913.712842646 1020.83871222 2648.01568053 617.177714311
1000.00697049 913.600657461 1020.83336319 2649.86382868 617.362899496
1000.00697049 913.479842646 1020.83521787 2651.71568053 617.548084681
1000.00697049 913.359027831 1020.83707255 2653.56753238 617.733269867
1000.00697049 913.238213017 1020.83913093 2655.41568053 617.918455052
1000.00697049 913.126027831 1020.8335782 2657.26753238 618.103640237
1000.00697049 913.005213017 1020.83563658 2659.11568053 618.288455052
1000.00697049 912.884398202 1020.83749126 2660.96753238 618.473640237
1000.00697049 912.767898202 1020.83584594 2662.81568053 618.658455052
1000.00697049 912.651398202 1020.83399691 2664.66753238 618.843640237
1000.00697049 912.530583387 1020.8358516 2666.51938423 619.028825422
1000.00697049 912.409768572 1020.83790997 2668.36753238 619.214010608
1000.00697049 912.297583387 1020.83235725 2670.21938423 619.399195793
1000.00697049 912.176768572 1020.83441563 2672.06753238 619.584380978
1000.00697049 912.055953757 1020.83627031 2673.91938423 619.769566163
1000.00697049 911.935138943 1020.83812499 2675.77123609 619.954751348
1000.00697049 911.822953757 1020.83277596 2677.61938423 620.139566163
1000.00697049 911.702138943 1020.83463064 2679.47123609 620.324751348
1000.00697049 911.581324128 1020.83668902 2681.31938423 620.509566163
1000.00697049 911.460509313 1020.8385437 2683.17123609 620.694751349
1000.00697049 911.348324128 1020.83319467 2685.01938423 620.879936534
1000.00697049 911.227509313 1020.83504936 2686.87123609 621.065121719
1000.00697049 911.106694498 1020.83690404 2688.72308794 621.250306904
1000.00697049 910.985879683 1020.83896242 2690.57123609 621.435492089
1000.00697049 910.873694498 1020.83340969 2692.42308794 621.620677275
1000.00697049 910.752879683 1020.83546807 2694.27123609 621.80549209
1000.00697049 910.632064868 1020.83732275 2696.12308794 621.990677275
1000.00697049 910.511250054 1020.83917743 2697.97493979 622.17586246
1000.00697049 910.399064868 1020.8338284 2699.82308794 622.360677275
1000.00697049 910.278250054 1020.83568308 2701.67493979 622.54586246
1000.00697049 910.157435239 1020.83774146 2703.52308794 622.731047645
1000.00697049 910.040935239 1020.83589244 2705.37493979 622.91623283
1000.00697049 909.924435239 1020.83424711 2707.22308794 623.101418016
1000.00697049 909.803620424 1020.8361018 2709.07493979 623.286603201
1000.00697049 909.682805609 1020.83795648 2710.92679164 623.471788386
1000.00697049 909.570620424 1020.83260745 2712.77493979 623.656603201
1000.00697049 909.449805609 1020.83446213 2714.62679165 623.841788386
1000.00697049 909.328990794 1020.83652051 2716.47493979 624.026603201
1000.00697049 909.20817598 1020.83837519 2718.32679165 624.211788386
1000.00697049 909.095990794 1020.83282246 2720.1786435 624.396973571
1000.00697049 908.97517598 1020.83488084 2722.02679165 624.582158757
1000.00697049 908.854361165 1020.83673552 2723.8786435 624.767343942
1000.00697049 908.73354635 1020.8387939 2725.72679165 624.952529127
1000.00697049 908.621361165 1020.83324118 2727.5786435 625.137714312
1000.00697049 908.50054635 1020.83529956 2729.42679165 625.322529127
1000.00697049 908.379731535 1020.83715424 2731.2786435 625.507714312
1000.00697049 908.25891672 1020.83900892 2733.13049535 625.692899498
1000.00697049 908.146731535 1020.83365989 2734.9786435 625.877714312
1000.00697049 908.02591672 1020.83551457 2736.83049535 626.062899498
1000.00697049 907.905101906 1020.83757295 2738.6786435 626.248084683
1000.00697049 907.784287091 1020.83942763 2740.53049535 626.433269868
1000.00697049 907.672101906 1020.8338749 2742.3823472 626.618455053
1000.00697049 907.551287091 1020.83593328 2744.23049535 626.803640239
1000.00697049 907.430472276 1020.83778796 2746.0823472 626.988825424
1000.00697049 907.318287091 1020.83243894 2747.93049535 627.173640239
1000.00697049 907.197472276 1020.83429362 2749.7823472 627.358825424
1000.00697049 907.076657461 1020.8361483 2751.63419906 627.544010609
1000.00697049 906.955842646 1020.83820668 2753.4823472 627.728825424
1000.00697049 906.843657461 1020.83265395 2755.33419906 627.914010609
1000.00697049 906.722842646 1020.83471233 2757.18234721 628.099195794
1000.00697049 906.602027832 1020.83656701 2759.03419906 628.28438098
1000.00697049 906.481213017 1020.83862539 2760.88234721 628.469566165
1000.00697049 906.369027832 1020.83307266 2762.73419906 628.65475135
1000.00697049 906.248213017 1020.83492734 2764.58605091 628.839936535
1000.00697049 906.127398202 1020.83698572 2766.43419906 629.02475135
1000.00697049 906.006583387 1020.8388404 2768.28605091 629.209936535
1000.00697049 905.894398202 1020.83349138 2770.13419906 629.39475135
1000.00697049 905.773583387 1020.83534606 2771.98605091 629.579936535
1000.00697049 905.652768572 1020.83720074 2773.83790276 629.765121721
1000.00697049 905.531953757 1020.83925912 2775.68605091 629.950306906
1000.00697049 905.419768572 1020.83370639 2777.53790276 630.135492091
1000.00697049 905.298953757 1020.83576477 2779.38605091 630.320677276
1000.00697049 905.178138943 1020.83761945 2781.23790276 630.505862462
1000.00697049 905.061638943 1020.83597413 2783.08605091 630.690677276
1000.00697049 904.945138943 1020.8341251 2784.93790276 630.875862462
1000.00697049 904.824324128 1020.83597978 2786.78975462 631.061047647
1000.00697049 904.703509313 1020.83803816 2788.63790276 631.245862462
1000.00697049 904.591324128 1020.83248544 2790.48975462 631.431047647
1000.00697049 904.470509313 1020.83454382 2792.33790276 631.616232832
1000.00697049 904.349694498 1020.8363985 2794.18975462 631.801418017
1000.00697049 904.228879683 1020.83825318 2796.04160647 631.986603203
1000.00697049 904.116694498 1020.83290415 2797.88975462 632.171788388
1000.00697049 903.995879683 1020.83475883 2799.74160647 632.356973573
1000.00697049 903.875064869 1020.83681721 2801.58975462 632.541788388
1000.00697049 903.754250054 1020.83867189 2803.44160647 632.726973573
1000.00697049 903.642064869 1020.83332286 2805.28975462 632.911788388
1000.00697049 903.521250054 1020.83517754 2807.14160647 633.096973573
1000.00697049 903.400435239 1020.83703223 2808.99345832 633.282158758
1000.00697049 903.279620424 1020.8390906 2810.84160647 633.467343944
1000.00697049 903.167435239 1020.83353788 2812.69345832 633.652529129
1000.00697049 903.046620424 1020.835