LIT101 LIT301 LIT401 LS601 LS602
411.677004625 475.904237982 298.965701501 607.878739675 337.52013956
411.524486106 475.602062056 300.706852467 609.723184119 337.704584004
411.367078699 475.2965065 302.456957146 611.573184119 337.889584004
411.209671292 474.990950945 304.207061824 613.423184119 338.074584004
411.052263884 474.685395389 305.957166502 615.273184119 338.259584004
410.894856477 474.379839834 307.70727118 617.123184119 338.444584004
410.73744907 474.074284278 309.457274009 618.975035971 338.629769189
410.580041662 473.768728723 311.207378687 620.825035971 338.814769189
410.422634255 473.463173167 312.957483365 622.67503597 338.999769189
410.265226847 473.157617612 314.707588043 624.52503597 339.184769189
410.10781944 472.852062056 316.457692722 626.37503597 339.369769189
409.950412033 472.5465065 318.2077974 628.22503597 339.55476919
409.793004625 472.240950945 319.957800229 630.076887822 339.739954375
409.635597218 471.935395389 321.707904907 631.926887822 339.924954375
409.478189811 471.629839834 323.458009585 633.776887822 340.109954375
409.320782403 471.324284278 325.208114263 635.626887822 340.294954375
409.163374996 471.018728723 326.958218941 637.476887822 340.479954375
409.005967588 470.713173167 328.708323619 639.326887822 340.664954375
408.848560181 470.407617612 330.458326449 641.178739673 340.85013956
408.691152774 470.102062056 332.208431127 643.028739673 341.03513956
408.533745366 469.796506501 333.958535805 644.878739673 341.22013956
408.376337959 469.490950945 335.708640483 646.728739673 341.40513956
408.218930551 469.18539539 337.458745161 648.578739673 341.59013956
408.061523144 468.879839834 339.208849839 650.428739673 341.77513956
407.904115737 468.574284279 340.958852668 652.280591525 341.960324746
407.746708329 468.268728723 342.708957346 654.130591525 342.145324746
407.589300922 467.963173168 344.459062024 655.980591524 342.330324746
407.431893515 467.657617612 346.209166703 657.830591524 342.515324746
407.274486107 467.352062057 347.959271381 659.680591524 342.700324746
407.1170787 467.046506501 349.709376059 661.530591524 342.885324746
406.959671293 466.740950946 351.459378888 663.382443376 343.070509931
406.802263885 466.43539539 353.209483566 665.232443376 343.255509931
406.644856478 466.129839835 354.959588244 667.082443376 343.440509931
406.48744907 465.824284279 356.709692922 668.932443376 343.625509931
406.330041663 465.518728724 358.4597976 670.782443376 343.810509931
406.172634256 465.213173168 360.209902279 672.632443376 343.995509931
406.015226848 464.907617613 361.959905108 674.484295227 344.180695116
405.857819441 466.75515465 361.861861638 676.334295227 342.536250672
405.700412034 468.607006502 361.760114464 678.184295227 340.86939882
405.543004626 470.458858354 361.65836729 680.034295227 339.202546968
405.385597219 472.310710205 361.556620117 681.884295227 337.535880302
405.228189811 474.162562057 361.454872943 683.734295227 335.869213635
405.070782404 476.014413909 361.353023921 685.586147078 334.202546968
404.913374997 477.866265761 361.251276747 687.436147078 334.013472894
404.755967589 479.718117613 361.149529573 689.286147078 334.198472894
404.598560182 481.569969465 361.0477824 691.136147078 334.38365808
404.441152775 483.421821317 360.946035226 692.986147078 334.568843265
404.283745367 485.273673169 360.844288052 694.836147078 334.753843265
404.12633796 487.125525021 360.74243903 696.687998929 334.93902845
403.968930553 487.687247243 361.748099263 698.537998929 335.12402845
403.811523145 487.381691687 363.498203942 700.387998929 335.309213635
403.654115738 487.076136132 365.24830862 702.237998929 335.49439882
403.496708331 486.770580576 366.998413298 704.087998929 335.67939882
403.339300923 486.465025021 368.748517976 705.937998929 335.864398821
403.181893516 486.159469465 370.498520805 707.789850781 336.049584006
403.024486108 485.85391391 372.248625483 709.639850781 336.234769191
402.867078701 485.548358354 373.998730161 711.48985078 336.419954376
402.709671294 485.242802799 375.748834839 713.33985078 336.604954376
402.552263886 484.937247243 377.498939517 715.18985078 336.789954376
402.394856479 484.631691688 379.249044196 717.03985078 336.975139562
402.237449071 484.326136132 380.999047025 718.891702632 337.160324747
402.080041664 484.020580577 382.749151703 720.741702632 337.345509932
401.922634257 483.715025021 384.499256381 722.591702632 337.530509932
401.765226849 483.409469466 386.249361059 724.441702632 337.715509932
401.607819442 483.10391391 387.999465737 726.291702632 337.900695117
401.450412034 482.798358355 389.749570415 728.141702632 338.085880302
401.293004627 482.492802799 391.499573244 729.993554483 338.271065488
401.13559722 482.187247244 393.249677923 731.843554483 338.456065488
400.978189812 481.881691688 394.999782601 733.693554483 338.641065488
400.820782405 481.576136133 396.749887279 735.543554483 338.826250673
400.663374997 481.270580577 398.499991957 737.393554483 339.011435858
400.50596759 480.965025022 400.250096635 739.243554483 339.196435858
400.348560183 480.659469466 402.000099464 741.095406335 339.381621043
400.191152775 480.353913911 403.750204142 742.945406335 339.566621043
400.033745368 480.048358355 405.50030882 744.795406335 339.751806229
399.876337961 479.7428028 407.250413498 746.645406334 339.936991414
399.718930553 479.437247244 409.000518177 748.495406334 340.121991414
399.561523146 479.131691689 410.750622855 750.345406334 340.306991414
399.404115739 478.826136133 412.500625684 752.197258186 340.492176599
399.246708331 478.520580578 414.250730362 754.047258186 340.677361784
399.089300924 478.215025022 416.00083504 755.897258186 340.86254697
398.931893516 477.909469467 417.750939718 757.747258186 341.04754697
398.774486109 477.603913911 419.501044396 759.597258186 341.23254697
398.617078702 477.298358356 421.251047225 761.449110037 341.417732155
398.459671294 476.9928028 423.001151904 763.299110037 341.60291734
398.302263887 478.840339837 422.903108434 765.149110037 339.958472896
398.14485648 480.692191689 422.80136126 766.999110037 338.291621044
397.987449072 482.544043541 422.699614086 768.849110037 336.624769192
397.830041665 484.395895393 422.597866913 770.699110037 334.958102525
397.672634258 486.247747245 422.49601789 772.550961888 333.291435859
397.51522685 488.099599096 422.394270716 774.400961888 331.624769192
397.357819443 489.951450948 422.292523543 776.250961888 331.435695118
397.200412036 491.8033028 422.190776369 778.100961888 331.620695118
397.043004628 493.655154652 422.089029196 779.950961888 331.805880303
396.885597221 495.507006504 421.987282022 781.800961888 331.991065489
396.728189813 497.358858356 421.885432999 783.652813739 332.176250674
396.570782406 499.210710208 421.783685826 785.502813739 332.361250674
396.413374999 499.77243243 422.789346059 787.352813739 332.546250674
396.255967591 499.466876874 424.539450737 789.202813739 332.731435859
396.098560184 499.161321319 426.289555416 791.052813739 332.916621044
395.941152777 498.855765763 428.039660094 792.902813739 333.101621044
395.783745369 498.550210208 429.789662923 794.754665591 333.28680623
395.626337962 498.244654652 431.539767601 796.604665591 333.47180623
395.468930555 497.939099097 433.289872279 798.454665591 333.656991415
395.311523147 497.633543541 435.039976957 800.304665591 333.8421766
395.15411574 497.327987986 436.790081635 802.154665591 334.0271766
394.996708333 497.02243243 438.540186313 804.004665591 334.2121766
394.839300925 496.716876875 440.290189142 805.856517442 334.397361785
394.681893518 496.411321319 442.040293821 807.706517442 334.58254697
394.52448611 496.105765764 443.790398499 809.556517442 334.767732156
394.367078703 495.800210208 445.540503177 811.406517442 334.952732156
394.209671296 495.494654652 447.290607855 813.256517442 335.137732156
394.052263888 495.189099097 449.040712533 815.106517442 335.322917341
393.894856481 494.883543541 450.790715362 816.958369294 335.508102526
393.737449074 494.577987986 452.54082004 818.808369294 335.693287711
393.580041666 494.27243243 454.290924718 820.658369294 335.878287711
393.422634259 493.966876875 456.041029397 822.508369293 336.063287711
393.265226852 493.661321319 457.791134075 824.358369293 336.248472897
393.107819444 493.355765764 459.541238753 826.208369293 336.433658082
392.950412037 493.050210208 461.291241582 828.060221145 336.618843267
392.79300463 492.744654653 463.04134626 829.910221145 336.803843267
392.635597222 492.439099097 464.791450938 831.760221145 336.988843267
392.478189815 492.133543542 466.541555616 833.610221144 337.174028452
392.320782407 491.827987986 468.291660294 835.460221144 337.359213638
392.163375 491.522432431 470.041764973 837.310221144 337.544213638
392.005967593 491.216876875 471.791767802 839.162072996 337.729398823
391.848560185 490.91132132 473.54187248 841.012072996 337.914398823
391.691152778 490.605765764 475.291977158 842.862072996 338.099584008
391.533745371 490.300210209 477.042081836 844.712072995 338.284769193
391.376337963 489.994654653 478.792186514 846.562072995 338.469769193
391.218930556 489.689099098 480.542291192 848.412072995 338.654769193
391.061523149 489.383543542 482.292294021 850.263924847 338.839954379
390.904115741 489.077987987 484.042398699 852.113924847 339.025139564
390.746708334 490.925525024 483.944355229 853.963924847 337.380695119
390.589300927 492.777376876 483.842608056 855.813924846 335.713843268
390.431893519 494.629228728 483.740860882 857.663924846 334.046991416
390.274486112 496.48108058 483.639113709 859.513924846 332.380324749
390.117078704 498.332932432 483.537264686 861.365776698 330.713658083
389.959671297 500.184784283 483.435517512 863.215776698 329.046991416
389.80226389 502.036636135 483.333770339 865.065776698 328.857917342
389.644856482 503.888487987 483.232023165 866.915776697 329.042917342
389.487449075 505.740339839 483.130275991 868.765776697 329.228102527
389.330041668 507.592191691 483.028528818 870.615776697 329.413287712
389.17263426 509.444043543 482.926679795 872.467628549 329.598472898
389.015226853 511.295895395 482.824932621 874.317628549 329.783472898
388.857819446 511.857617617 483.830592855 876.167628549 329.968472898
388.700412038 511.552062061 485.580697533 878.017628548 330.153658083
388.543004631 511.246506506 487.330802211 879.867628548 330.338843268
388.385597224 510.940950951 489.08090689 881.717628548 330.523843268
388.228189816 510.635395395 490.830909719 883.5694804 330.709028453
388.070782409 510.32983984 492.581014397 885.4194804 330.894028454
387.913375001 510.024284284 494.331119075 887.2694804 331.079213639
387.755967594 509.718728729 496.081223753 889.1194804 331.264398824
387.598560187 509.413173173 497.831328431 890.9694804 331.449398824
387.441152779 509.107617618 499.581433109 892.8194804 331.634398824
387.283745372 508.802062062 501.331435938 894.671332252 331.81958401
387.126337965 508.496506507 503.081540617 896.521332252 332.004769195
386.968930557 508.190950951 504.831645295 898.371332252 332.18995438
386.81152315 507.885395396 506.581749973 900.221332252 332.37495438
386.654115743 507.57983984 508.331854651 902.071332252 332.55995438
386.496708335 507.274284285 510.08185748 903.923184104 332.745139566
386.339300928 506.968728729 511.831962158 905.773184104 332.930324751
386.18189352 506.663173174 513.582066836 907.623184103 333.115509936
386.024486113 506.357617618 515.332171515 909.473184103 333.300509936
385.867078706 506.052062063 517.082276193 911.323184103 333.485509936
385.709671298 505.746506507 518.832380871 913.173184103 333.670695122
385.552263891 505.440950952 520.5823837 915.025035955 333.855880307
385.394856484 505.135395396 522.332488379 916.875035955 334.041065492
385.237449076 504.829839841 524.082593057 918.725035955 334.226065492
385.080041669 504.524284285 525.832697735 920.575035955 334.411065492
384.922634262 504.21872873 527.582802413 922.425035955 334.596250678
384.765226854 503.913173174 529.332907092 924.275035955 334.781435863
384.607819447 503.607617619 531.082909921 926.126887807 334.966621048
384.45041204 503.302062063 532.833014599 927.976887807 335.151621048
384.293004632 502.996506508 534.583119277 929.826887807 335.336621048
384.135597225 502.690950952 536.333223956 931.676887807 335.521806234
383.978189817 502.385395397 538.083328634 933.526887807 335.706991419
383.82078241 502.079839841 539.833433312 935.376887807 335.891991419
383.663375003 501.774284286 541.583436141 937.228739659 336.077176604
383.505967595 501.46872873 543.33354082 939.078739659 336.262176604
383.348560188 501.163173175 545.083645498 940.928739659 336.44736179
383.191152781 503.010710212 544.985602028 942.778739658 334.802917345
383.033745373 504.862562064 544.883854854 944.628739658 333.136065493
382.876337966 506.714413916 544.782107681 946.478739658 331.469213642
382.718930559 508.566265768 544.680258658 948.33059151 329.802546975
382.561523151 510.41811762 544.578511484 950.18059151 328.135880308
382.404115744 512.269969471 544.47676431 952.03059151 326.469213642
382.246708337 514.121821323 544.375017137 953.880591509 326.280139568
382.089300929 515.973673175 544.273269963 955.730591509 326.465139568
381.931893522 517.825525027 544.171522789 957.580591509 326.650324753
381.774486114 519.677376878 544.069673767 959.432443361 326.835509938
381.617078707 521.52922873 543.967926593 961.282443361 327.020695123
381.4596713 523.381080582 543.866179419 963.132443361 327.205695123
381.302263892 523.942802804 544.871839653 964.98244336 327.390695123
381.144856485 523.637247248 546.621944331 966.83244336 327.575880309
380.987449078 523.331691693 548.37204901 968.68244336 327.761065494
380.83004167 523.026136137 550.122051839 970.534295212 327.946250679
380.672634263 522.720580582 551.872156517 972.384295212 328.131250679
380.515226856 522.415025026 553.622261195 974.234295212 328.316250679
380.357819448 522.109469471 555.372365874 976.084295212 328.501435865
380.200412041 521.803913915 557.122470552 977.934295212 328.68662105
380.043004634 521.49835836 558.87257523 979.784295212 328.87162105
379.885597226 521.192802804 560.622578059 981.636147064 329.056806235
379.728189819 520.887247248 562.372682737 983.486147064 329.241806235
379.570782411 520.581691693 564.122787416 985.336147064 329.426991421
379.413375004 520.276136137 565.872892094 987.186147064 329.612176606
379.255967597 519.970580582 567.622996772 989.036147064 329.797176606
379.098560189 519.665025026 569.37310145 990.886147064 329.982176606
378.941152782 519.359469471 571.12310428 992.737998916 330.167361791
378.783745375 519.053913915 572.873208958 994.587998916 330.352546977
378.626337967 518.74835836 574.623313636 996.437998916 330.537732162
378.46893056 518.442802804 576.373418314 998.287998916 330.722732162
378.311523153 518.137247249 578.123522993 1000.13799892 330.907732162
378.154115745 517.831691693 579.873627671 1001.98799892 331.092917347
377.996708338 517.526136137 581.6236305 1003.83985077 331.278102533
377.839300931 517.220580582 583.373735178 1005.68985077 331.463287718
377.681893523 516.915025026 585.123839857 1007.53985077 331.648287718
377.524486116 516.609469471 586.873944535 1009.38985077 331.833287718
377.367078708 516.303913915 588.624049213 1011.23985077 332.018472903
377.209671301 515.99835836 590.374153891 1013.08985077 332.203658089
377.052263894 515.692802804 592.124156721 1014.94170262 332.388843274
376.894856486 515.387247249 593.874261399 1016.79170262 332.573843274
376.737449079 515.081691693 595.624366077 1018.64170262 332.758843274
376.580041672 514.776136138 597.374470755 1020.49170262 332.944028459
376.422634264 514.470580582 599.124575434 1022.34170262 333.129213645
376.265226857 514.165025027 600.874680112 1024.19170262 333.314213645
376.10781945 513.859469471 602.624682941 1026.04355447 333.49939883
375.950412042 513.553913915 604.374787619 1027.89355447 333.68439883
375.793004635 513.24835836 606.124892298 1029.74355447 333.869584015
375.635597228 515.095895397 606.026848828 1031.59355447 332.225139571
375.47818982 516.947747249 605.925101654 1033.44355447 330.558287719
375.320782413 518.7995991 605.82335448 1035.29355447 328.891435867
375.163375005 520.651450952 605.721505458 1037.14540632 327.224769201
375.005967598 522.503302804 605.619758284 1038.99540632 325.558102534
374.848560191 524.355154655 605.51801111 1040.84540632 323.891435868
374.691152783 526.207006507 605.416263936 1042.69540632 323.702361794
374.533745376 528.058858359 605.314516763 1044.54540632 323.887361794
374.376337969 529.91071021 605.212769589 1046.39540632 324.072546979
374.218930561 531.762562062 605.110920566 1048.24725818 324.257732164
374.061523154 533.614413914 605.009173393 1050.09725818 324.442917349
373.904115747 535.466265766 604.907426219 1051.94725818 324.627917349
373.746708339 536.027987988 605.913086453 1053.79725818 324.812917349
373.589300932 535.722432432 607.663191131 1055.64725818 324.998102534
373.431893525 535.416876877 609.41319396 1057.49911003 325.18328772
373.274486117 535.111321321 611.163298638 1059.34911003 325.368472905
373.11707871 534.805765766 612.913403317 1061.19911003 325.553472905
372.959671302 534.50021021 614.663507995 1063.04911003 325.738472905
372.802263895 534.194654655 616.413612673 1064.89911003 325.92365809
372.644856488 533.889099099 618.163717351 1066.74911003 326.108843275
372.48744908 533.583543543 619.913720181 1068.60096188 326.294028461
372.330041673 533.277987988 621.663824859 1070.45096188 326.479028461
372.172634266 532.972432432 623.413929537 1072.30096188 326.664028461
372.015226858 532.666876877 625.164034215 1074.15096188 326.849213646
371.857819451 532.361321321 626.914138894 1076.00096188 327.034398831
371.700412044 532.055765766 628.664243572 1077.85096188 327.219398831
371.543004636 531.75021021 630.414246401 1079.70281374 327.404584016
371.385597229 531.444654655 632.164351079 1081.55281374 327.589584016
371.228189822 531.139099099 633.914455758 1083.40281374 327.774769202
371.070782414 530.833543544 635.664560436 1085.25281374 327.959954387
370.913375007 530.527987988 637.414665114 1087.10281374 328.144954387
370.755967599 530.222432432 639.164769792 1088.95281374 328.329954387
370.598560192 529.916876877 640.914772622 1090.80466559 328.515139572
370.441152785 529.611321321 642.6648773 1092.65466559 328.700324757
370.283745377 529.305765766 644.414981978 1094.50466559 328.885509943
370.12633797 529.00021021 646.165086656 1096.35466559 329.070509943
369.968930563 528.694654655 647.915191335 1098.20466559 329.255509943
369.811523155 528.389099099 649.665296013 1100.05466559 329.440695128
369.654115748 528.083543544 651.415298842 1101.90651744 329.625880313
369.496708341 527.777987988 653.16540352 1103.75651744 329.811065498
369.339300933 527.472432433 654.915508199 1105.60651744 329.996065498
369.181893526 527.166876877 656.665612877 1107.45651744 330.181065498
369.024486119 526.861321322 658.415717555 1109.30651744 330.366250684
368.867078711 526.555765766 660.165822233 1111.15651744 330.551435869
368.709671304 526.25021021 661.915825063 1113.00836929 330.736621054
368.552263896 525.944654655 663.665929741 1114.85836929 330.921621054
368.394856489 525.639099099 665.416034419 1116.70836929 331.106621054
368.237449082 525.333543544 667.166139097 1118.55836929 331.291806239
368.080041674 527.181080581 667.068095627 1120.4083693 329.647361795
367.922634267 529.032932432 666.966348454 1122.2583693 327.980509943
367.76522686 530.884784284 666.864499431 1124.11022115 326.313843276
367.607819452 532.736636136 666.762752257 1125.96022115 324.646991425
367.450412045 534.588487988 666.661005084 1127.81022115 322.980324758
367.293004638 536.440339839 666.55925791 1129.66022115 321.313658091
367.13559723 538.292191691 666.457510736 1131.51022115 321.124584017
366.978189823 540.144043543 666.355763562 1133.36022115 321.309584017
366.820782416 541.995895394 666.25391454 1135.212073 321.494769203
366.663375008 543.847747246 666.152167366 1137.062073 321.679954388
366.505967601 545.699599098 666.050420192 1138.912073 321.865139573
366.348560193 547.55145095 665.948673019 1140.762073 322.050139573
366.191152786 548.113173172 666.954333252 1142.612073 322.235139573
366.033745379 547.807617616 668.704437931 1144.462073 322.420324758
365.876337971 547.502062061 670.45444076 1146.31392485 322.605509944
365.718930564 547.196506505 672.204545438 1148.16392485 322.790695129
365.561523157 546.89095095 673.954650116 1150.01392485 322.975695129
365.404115749 546.585395394 675.704754795 1151.86392485 323.160695129
365.246708342 546.279839838 677.454859473 1153.71392485 323.345880314
365.089300935 545.974284283 679.204964151 1155.56392485 323.531065499
364.931893527 545.668728727 680.95496698 1157.41577671 323.716250685
364.77448612 545.363173172 682.705071659 1159.26577671 323.901250685
364.617078713 545.057617616 684.455176337 1161.11577671 324.086250685
364.459671305 544.752062061 686.205281015 1162.96577671 324.27143587
364.302263898 544.446506505 687.955385693 1164.81577671 324.456621055
364.14485649 544.14095095 689.705490372 1166.66577671 324.641621055
363.987449083 543.835395394 691.455493201 1168.51762856 324.82680624
363.830041676 543.529839839 693.205597879 1170.36762856 325.01180624
363.672634268 543.224284283 694.955702557 1172.21762856 325.196991426
363.515226861 542.918728728 696.705807236 1174.06762856 325.382176611
363.357819454 542.613173172 698.455911914 1175.91762856 325.567176611
363.200412046 542.307617616 700.206016592 1177.76762856 325.752176611
363.043004639 542.002062061 701.956019421 1179.61948041 325.937361796
362.885597232 541.696506505 703.7061241 1181.46948041 326.122546981
362.728189824 541.39095095 705.456228778 1183.31948041 326.307732166
362.570782417 541.085395394 707.206333456 1185.16948041 326.492732166
362.41337501 540.779839839 708.956438134 1187.01948041 326.677732166
362.255967602 540.474284283 710.706542813 1188.86948041 326.862917352
362.098560195 540.168728728 712.456545642 1190.72133227 327.048102537
361.941152787 539.863173172 714.20665032 1192.57133227 327.233287722
361.78374538 539.557617617 715.956754998 1194.42133227 327.418287722
361.626337973 539.252062061 717.706859677 1196.27133227 327.603287722
361.468930565 538.946506505 719.456964355 1198.12133227 327.788472907
361.311523158 538.64095095 721.206967184 1199.97318412 327.973658093
361.154115751 538.335395394 722.957071862 1201.82318412 328.158843278
360.996708343 538.029839839 724.707176541 1203.67318412 328.343843278
360.839300936 537.724284283 726.457281219 1205.52318412 328.528843278
360.681893529 537.418728728 728.207385897 1207.37318412 328.714028463
360.524486121 539.266265765 728.109342427 1209.22318412 327.069584019
360.367078714 541.118117616 728.007493404 1211.07503597 325.402917352
360.209671307 542.969969468 727.905746231 1212.92503597 323.7360655
360.052263899 544.82182132 727.803999057 1214.77503597 322.069213649
359.894856492 546.673673171 727.702251883 1216.62503597 320.402546982
359.737449084 548.525525023 727.60050471 1218.47503597 318.735880315
359.580041677 550.377376875 727.498757536 1220.32503597 318.546806241
359.42263427 552.229228727 727.396908513 1222.17688782 318.731991427
359.265226862 554.081080578 727.295161339 1224.02688782 318.916991427
359.107819455 555.93293243 727.193414166 1225.87688783 319.102176612
358.950412048 557.784784282 727.091666992 1227.72688783 319.287361797
358.79300464 559.636636133 726.989919818 1229.57688783 319.472361797
358.635597233 560.198358356 727.995580052 1231.42688783 319.657361797
358.478189826 559.8928028 729.745582881 1233.27873968 319.842546982
358.320782418 559.587247245 731.49568756 1235.12873968 320.027732167
358.163375011 559.281691689 733.245792238 1236.97873968 320.212917353
358.005967604 558.976136133 734.995896916 1238.82873968 320.397917353
357.848560196 558.670580578 736.746001594 1240.67873968 320.582917353
357.691152789 558.365025022 738.496106273 1242.52873968 320.768102538
357.533745381 558.059469467 740.246109102 1244.38059153 320.953287723
357.376337974 557.753913911 741.99621378 1246.23059153 321.138472908
357.218930567 557.448358356 743.746318458 1248.08059153 321.323472908
357.061523159 557.1428028 745.496423137 1249.93059153 321.508472908
356.904115752 556.837247245 747.246527815 1251.78059153 321.693658094
356.746708345 556.531691689 748.996632493 1253.63059153 321.878843279
356.589300937 556.226136134 750.746635322 1255.48244338 322.064028464
356.43189353 555.920580578 752.496740001 1257.33244338 322.249028464
356.274486123 555.615025023 754.246844679 1259.18244338 322.434028464
356.117078715 555.309469467 755.996949357 1261.03244338 322.619213649
355.959671308 555.003913911 757.747054035 1262.88244338 322.804398835
355.802263901 554.698358356 759.497158714 1264.73244338 322.989398835
355.644856493 554.3928028 761.247161543 1266.58429524 323.17458402
355.487449086 554.087247245 762.997266221 1268.43429524 323.35958402
355.330041678 553.781691689 764.747370899 1270.28429524 323.544769205
355.172634271 553.476136134 766.497475578 1272.13429524 323.72995439
355.015226864 553.170580578 768.247580256 1273.98429524 323.91495439
354.857819456 552.865025023 769.997684934 1275.83429524 324.09995439
354.700412049 552.559469467 771.747687763 1277.68614709 324.285139576
354.543004642 552.253913912 773.497792442 1279.53614709 324.470324761
354.385597234 551.948358356 775.24789712 1281.38614709 324.655509946
354.228189827 551.6428028 776.998001798 1283.23614709 324.840509946
354.07078242 551.337247245 778.748106476 1285.08614709 325.025509946
353.913375012 551.031691689 780.498211155 1286.93614709 325.210695131
353.755967605 550.726136134 782.248213984 1288.78799894 325.395880317
353.598560198 550.420580578 783.998318662 1290.63799894 325.581065502
353.44115279 550.115025023 785.74842334 1292.48799894 325.766065502
353.283745383 549.809469467 787.498528019 1294.33799894 325.951065502
353.126337975 549.503913912 789.248632697 1296.18799894 326.136250687
352.968930568 551.351450949 789.150589227 1298.03799894 324.491806243
352.811523161 553.2033028 789.048740204 1299.8898508 322.825139576
352.654115753 555.055154652 788.94699303 1301.7398508 321.158287724
352.496708346 556.907006504 788.845245857 1303.5898508 319.491435872
352.339300939 558.758858355 788.743498683 1305.4398508 317.824769206
352.181893531 560.610710207 788.641751509 1307.2898508 316.158102539
352.024486124 562.462562059 788.540004336 1309.1398508 315.969028465
351.867078717 564.314413911 788.438155313 1310.99170265 316.15421365
351.709671309 566.166265762 788.336408139 1312.84170265 316.33921365
351.552263902 568.018117614 788.234660966 1314.69170265 316.524398836
351.394856495 569.869969466 788.132913792 1316.54170265 316.709584021
351.237449087 571.721821317 788.031166618 1318.39170265 316.894584021
351.08004168 572.28354354 789.036826852 1320.24170265 317.079584021
350.922634272 571.977987984 790.786829681 1322.0935545 317.264769206
350.765226865 571.672432428 792.536934359 1323.9435545 317.449954391
350.607819458 571.366876873 794.287039038 1325.7935545 317.635139577
350.45041205 571.061321317 796.037143716 1327.6435545 317.820139577
350.293004643 570.755765762 797.787248394 1329.4935545 318.005139577
350.135597236 570.450210206 799.537353072 1331.3435545 318.190324762
349.978189828 570.144654651 801.287355902 1333.19540636 318.375509947
349.820782421 569.839099095 803.03746058 1335.04540636 318.560695132
349.663375014 569.53354354 804.787565258 1336.89540636 318.745695132
349.505967606 569.227987984 806.537669936 1338.74540636 318.930695132
349.348560199 568.922432429 808.287774615 1340.59540636 319.115880318
349.191152792 568.616876873 810.037879293 1342.44540636 319.301065503
349.033745384 568.311321318 811.787882122 1344.29725821 319.486250688
348.876337977 568.005765762 813.5379868 1346.14725821 319.671250688
348.718930569 567.700210206 815.288091479 1347.99725821 319.856250688
348.561523162 567.394654651 817.038196157 1349.84725821 320.041435873
348.404115755 567.089099095 818.788300835 1351.69725821 320.226621059
348.246708347 566.78354354 820.538303664 1353.54911006 320.411806244
348.08930094 566.477987984 822.288408343 1355.39911006 320.596806244
347.931893533 566.172432429 824.038513021 1357.24911006 320.781806244
347.774486125 565.866876873 825.788617699 1359.09911006 320.966991429
347.617078718 565.561321318 827.538722377 1360.94911006 321.152176614
347.459671311 565.255765762 829.288827056 1362.79911006 321.337176614
347.302263903 564.950210207 831.038829885 1364.65096191 321.522361799
347.144856496 564.644654651 832.788934563 1366.50096191 321.7073618
346.987449089 564.339099095 834.539039241 1368.35096191 321.892546985
346.830041681 564.03354354 836.28914392 1370.20096191 322.07773217
346.672634274 563.727987984 838.039248598 1372.05096191 322.26273217
346.515226866 563.422432429 839.789353276 1373.90096192 322.44773217
346.357819459 563.116876873 841.539356105 1375.75281377 322.632917355
346.200412052 562.811321318 843.289460783 1377.60281377 322.81810254
346.043004644 562.505765762 845.039565462 1379.45281377 323.003287726
345.885597237 562.200210207 846.78967014 1381.30281377 323.188287726
345.72818983 561.894654651 848.539774818 1383.15281377 323.373287726
345.570782422 561.589099096 850.289879496 1385.00281377 323.558472911
345.413375015 563.436636132 850.191734177 1386.85466562 321.914028467
345.255967608 565.288487984 850.089987004 1388.70466562 320.2473618
345.0985602 567.140339836 849.98823983 1390.55466562 318.580509948
344.941152793 568.992191688 849.886492656 1392.40466562 316.913658096
344.783745386 570.844043539 849.784745483 1394.25466562 315.24699143
344.626337978 572.695895391 849.682998309 1396.10466562 313.580324763
344.468930571 574.547747243 849.581149286 1397.95651747 313.391435874
344.311523163 576.399599094 849.479402113 1399.80651747 313.576435874
344.154115756 578.251450946 849.377654939 1401.65651747 313.761435874
343.996708349 580.103302798 849.275907765 1403.50651747 313.94662106
343.839300941 581.95515465 849.174160592 1405.35651747 314.131806245
343.681893534 583.807006501 849.072413418 1407.20651747 314.316806245
343.524486127 584.368728723 850.077971803 1409.05836933 314.50199143
343.367078719 584.063173168 851.828076481 1410.90836933 314.68699143
343.209671312 583.757617612 853.578181159 1412.75836933 314.872176615
343.052263905 583.452062057 855.328285837 1414.60836933 315.0573618
342.894856497 583.146506501 857.078390516 1416.45836933 315.242361801
342.73744909 582.840950946 858.828495194 1418.30836933 315.427361801
342.580041683 582.53539539 860.578498023 1420.16022118 315.612546986
342.422634275 582.229839835 862.328602701 1422.01022118 315.797732171
342.265226868 581.924284279 864.07870738 1423.86022118 315.982917356
342.10781946 581.618728724 865.828812058 1425.71022118 316.167917356
341.950412053 581.313173168 867.578916736 1427.56022118 316.352917356
341.793004646 581.007617613 869.329021414 1429.41022118 316.538102541
341.635597238 580.702062057 871.079024244 1431.26207303 316.723287727
341.478189831 580.396506501 872.829128922 1433.11207303 316.908472912
341.320782424 580.090950946 874.5792336 1434.96207303 317.093472912
341.163375016 579.78539539 876.329338278 1436.81207303 317.278472912
341.005967609 579.479839835 878.079442957 1438.66207303 317.463658097
340.848560202 579.174284279 879.829547635 1440.51207303 317.648843282
340.691152794 578.868728724 881.579550464 1442.36392489 317.834028468
340.533745387 578.563173168 883.329655142 1444.21392489 318.019028468
340.37633798 578.257617613 885.079759821 1446.06392489 318.204028468
340.218930572 577.952062057 886.829864499 1447.91392489 318.389213653
340.061523165 577.646506502 888.579969177 1449.76392489 318.574398838
339.904115757 577.340950946 890.330073855 1451.61392489 318.759398838
339.74670835 577.03539539 892.080076684 1453.46577674 318.944584023
339.589300943 576.729839835 893.830181363 1455.31577674 319.129584023
339.431893535 576.424284279 895.580286041 1457.16577674 319.314769209
339.274486128 576.118728724 897.330390719 1459.01577674 319.499954394
339.117078721 575.813173168 899.080495397 1460.86577674 319.684954394
338.959671313 575.507617613 900.830600076 1462.71577674 319.869954394
338.802263906 575.202062057 902.580602905 1464.56762859 320.055139579
338.644856499 574.896506502 904.330707583 1466.41762859 320.240324764
338.487449091 574.590950946 906.080812261 1468.26762859 320.42550995
338.330041684 574.285395391 907.83091694 1470.11762859 320.61050995
338.172634277 573.979839835 909.581021618 1471.96762859 320.79550995
338.015226869 573.67428428 911.331126296 1473.81762859 320.980695135
337.857819462 575.521821316 911.232980977 1475.66948044 319.33625069
337.700412054 577.373673168 911.131233803 1477.51948044 317.669584024
337.543004647 579.22552502 911.02948663 1479.36948045 316.002732172
337.38559724 581.077376872 910.927739456 1481.21948045 314.33588032
337.228189832 582.929228723 910.825992282 1483.06948045 312.669213654
337.070782425 584.781080575 910.724245109 1484.91948045 311.002546987
336.913375018 586.632932427 910.622396086 1486.7713323 310.813658098
336.75596761 588.484784278 910.520648912 1488.6213323 310.998658098
336.598560203 590.33663613 910.418901739 1490.4713323 311.183658098
336.441152796 592.188487982 910.317154565 1492.3213323 311.368843283
336.283745388 594.040339834 910.215407391 1494.1713323 311.554028469
336.126337981 595.892191685 910.113558369 1496.02318415 311.739213654
335.968930573 596.453913907 911.119218602 1497.87318415 311.924213654
335.811523166 596.148358352 912.869323281 1499.72318415 312.109213654
335.654115759 595.842802796 914.619427959 1501.57318415 312.294398839
335.496708351 595.537247241 916.369532637 1503.42318415 312.479584024
335.339300944 595.231691685 918.119637315 1505.27318415 312.664584024
335.181893537 594.92613613 919.869640145 1507.125036 312.84976921
335.024486129 594.620580574 921.619744823 1508.975036 313.03476921
334.867078722 594.315025019 923.369849501 1510.825036 313.219954395
334.709671315 594.009469463 925.119954179 1512.675036 313.40513958
334.552263907 593.703913908 926.870058858 1514.525036 313.59013958
334.3948565 593.398358352 928.620163536 1516.375036 313.77513958
334.237449093 593.092802796 930.370166365 1518.22688786 313.960324765
334.080041685 592.787247241 932.120271043 1520.07688786 314.145509951
333.922634278 592.481691685 933.870375722 1521.92688786 314.330695136
333.76522687 592.17613613 935.6204804 1523.77688786 314.515695136
333.607819463 591.870580574 937.370585078 1525.62688786 314.700695136
333.450412056 591.565025019 939.120689756 1527.47688786 314.885880321
333.293004648 591.259469463 940.870692585 1529.32873971 315.071065506
333.135597241 590.953913908 942.620797264 1531.17873971 315.256250692
332.978189834 590.648358352 944.370901942 1533.02873971 315.441250692
332.820782426 590.342802797 946.12100662 1534.87873971 315.626250692
332.663375019 590.037247241 947.871111298 1536.72873971 315.811435877
332.505967612 589.731691685 949.621215977 1538.57873971 315.996621062
332.348560204 589.42613613 951.371218806 1540.43059156 316.181806247
332.191152797 589.120580574 953.121323484 1542.28059156 316.366806247
332.03374539 588.815025019 954.871428162 1544.13059156 316.551806247
331.876337982 588.509469463 956.621532841 1545.98059156 316.736991433
331.718930575 588.203913908 958.371637519 1547.83059156 316.922176618
331.561523167 587.898358352 960.121742197 1549.68059156 317.107176618
331.40411576 587.592802797 961.871745026 1551.53244342 317.292361803
331.246708353 587.287247241 963.621849705 1553.38244342 317.477361803
331.089300945 586.981691686 965.371954383 1555.23244342 317.662546988
330.931893538 586.67613613 967.122059061 1557.08244342 317.847732173
330.774486131 586.370580575 968.872163739 1558.93244342 318.032732173
330.617078723 586.065025019 970.622268418 1560.78244342 318.217732174
330.459671316 585.759469463 972.372271247 1562.63429527 318.402917359
330.302263909 587.6070065 972.274227777 1564.48429527 316.758472914
330.144856501 589.458858352 972.172480603 1566.33429527 315.091806248
329.987449094 591.310710204 972.07073343 1568.18429527 313.424954396
329.830041687 593.162562055 971.968986256 1570.03429527 311.758102544
329.672634279 595.014413907 971.867239082 1571.88429527 310.091435878
329.515226872 596.866265759 971.765390059 1573.73614712 308.424769211
329.357819464 598.718117611 971.663642886 1575.58614712 308.235880322
329.200412057 600.569969462 971.561895712 1577.43614712 308.420880322
329.04300465 602.421821314 971.460148538 1579.28614712 308.605880322
328.885597242 604.273673166 971.358401365 1581.13614712 308.791065507
328.728189835 606.125525017 971.256654191 1582.98614712 308.976250693
328.570782428 607.977376869 971.154805168 1584.83799897 309.161435878
328.41337502 608.539099091 972.160465402 1586.68799898 309.346435878
328.255967613 608.233543536 973.91057008 1588.53799898 309.531435878
328.098560206 607.92798798 975.660674759 1590.38799898 309.716621063
327.941152798 607.622432425 977.410779437 1592.23799898 309.901806248
327.783745391 607.316876869 979.160884115 1594.08799898 310.086806248
327.626337984 607.011321314 980.910886944 1595.93985083 310.271991434
327.468930576 606.705765758 982.660991623 1597.78985083 310.456991434
327.311523169 606.400210203 984.411096301 1599.63985083 310.642176619
327.154115761 606.094654647 986.161200979 1601.48985083 310.827361804
326.996708354 605.789099091 987.911305657 1603.33985083 311.012361804
326.839300947 605.483543536 989.661410336 1605.18985083 311.197361804
326.681893539 605.17798798 991.411413165 1607.04170268 311.382546989
326.524486132 604.872432425 993.161517843 1608.89170268 311.567732174
326.367078725 604.566876869 994.911622521 1610.74170268 311.75291736
326.209671317 604.261321314 996.661727199 1612.59170268 311.93791736
326.05226391 603.955765758 998.411831878 1614.44170268 312.12291736
325.894856503 603.650210203 1000.16193656 1616.29170268 312.308102545
325.737449095 603.344654647 1001.91193939 1618.14355453 312.49328773
325.580041688 603.039099092 1003.66204406 1619.99355453 312.678472915
325.422634281 602.733543536 1005.41214874 1621.84355453 312.863472915
325.265226873 602.42798798 1007.16225342 1623.69355453 313.048472915
325.107819466 602.122432425 1008.9123581 1625.54355453 313.233658101
324.950412058 601.816876869 1010.66246278 1627.39355454 313.418843286
324.793004651 601.511321314 1012.41246561 1629.24540639 313.604028471
324.635597244 601.205765758 1014.16257028 1631.09540639 313.789028471
324.478189836 600.900210203 1015.91267496 1632.94540639 313.974028471
324.320782429 600.594654647 1017.66277964 1634.79540639 314.159213656
324.163375022 600.289099092 1019.41288432 1636.64540639 314.344398842
324.005967614 600.365404647 1020.83521122 1638.49540639 314.529398842
323.848560207 602.100756499 1020.8333622 1640.34725824 314.714584027
323.6911528 603.831793536 1020.83531873 1642.19725824 314.899584027
323.533745392 605.567145388 1020.83357155 1644.04725824 315.084769212
323.376337985 607.298182424 1020.83552808 1645.89725824 315.269954397
323.218930578 609.033534276 1020.83378091 1647.74725824 315.454954397
323.06152317 610.764571313 1020.83563559 1649.59911009 315.640139583
322.904115763 612.499923165 1020.83388842 1651.44911009 315.825139583
322.746708355 614.230960202 1020.83584495 1653.29911009 316.010324768
322.589300948 615.966312053 1020.83409777 1655.14911009 316.195509953
322.431893541 617.69734909 1020.8360543 1656.99911009 316.380509953
322.274486133 619.432700942 1020.83430713 1658.84911009 316.565509953
322.117078726 621.163737979 1020.83616181 1660.70096195 316.750695138
321.959671319 622.899089831 1020.83441464 1662.55096195 316.935880324
321.802263911 624.630126868 1020.83637117 1664.40096195 317.121065509
321.644856504 626.365478719 1020.83462399 1666.25096195 317.306065509
321.487449097 628.100830571 1020.83287682 1668.10096195 317.491065509
321.330041689 629.831867608 1020.83483335 1669.95096195 317.676250694
321.172634282 631.56721946 1020.83298433 1671.8028138 317.861435879
321.015226875 633.298256497 1020.83494086 1673.6528138 318.046621064
320.857819467 635.033608348 1020.83319368 1675.5028138 318.231621065
320.70041206 636.764645385 1020.83515021 1677.3528138 318.416621065
320.543004652 638.499997237 1020.83340304 1679.2028138 318.60180625
320.385597245 640.231034274 1020.83535957 1681.0528138 318.786991435
320.228189838 641.966386126 1020.83351055 1682.90466565 318.97217662
320.07078243 643.697423162 1020.83546708 1684.75466565 319.15717662
319.913375023 645.432775014 1020.8337199 1686.60466565 319.34217662
319.755967616 647.163812051 1020.83567643 1688.45466565 319.527361805
319.598560208 648.899163903 1020.83392926 1690.30466565 319.712546991
319.441152801 650.63020094 1020.83588579 1692.15466565 319.897546991
319.283745394 652.365552791 1020.83403677 1694.00651751 320.082732176
319.126337986 654.096589828 1020.8359933 1695.85651751 320.267732176
318.968930579 655.83194168 1020.83424612 1697.70651751 320.452917361
318.811523172 657.562978717 1020.83620265 1699.55651751 320.638102546
318.654115764 659.298330569 1020.83445548 1701.40651751 320.823102546
318.496708357 661.029367606 1020.83641201 1703.25651751 321.008102546
318.339300949 662.764719457 1020.83456299 1705.10836936 321.193287732
318.181893542 664.497913902 1020.83466766 1706.95836936 321.378472917
318.024486135 666.231108346 1020.83477234 1708.80836936 321.563658102
317.867078727 667.966460198 1020.83302517 1710.65836936 321.748658102
317.70967132 669.697497235 1020.8349817 1712.50836936 321.933658102
317.552263913 671.432849086 1020.83323453 1714.35836936 322.118843287
317.394856505 673.163886123 1020.83508921 1716.21022121 322.304028473
317.237449098 674.899237975 1020.83334203 1718.06022121 322.489213658
317.080041691 676.630275012 1020.83529856 1719.91022121 322.674213658
316.922634283 678.365626864 1020.83355139 1721.76022121 322.859213658
316.765226876 680.0966639 1020.83550792 1723.61022121 323.044398843
316.607819469 681.832015752 1020.83376075 1725.46022121 323.229584028
316.450412061 683.563052789 1020.83561543 1727.31207306 323.414769214
316.293004654 685.298404641 1020.83386825 1729.16207306 323.599769214
316.135597246 687.029441678 1020.83582478 1731.01207306 323.784769214
315.978189839 688.764793529 1020.83407761 1732.86207307 323.969954399
315.820782432 690.495830566 1020.83603414 1734.71207307 324.155139584
315.663375024 692.231182418 1020.83428697 1736.56207307 324.340139584
315.505967617 693.962219455 1020.83614165 1738.41392492 324.525324769
315.34856021 695.697571307 1020.83439447 1740.26392492 324.710324769
315.191152802 697.428608344 1020.836351 1742.11392492 324.895509955
315.033745395 699.163960195 1020.83460383 1743.96392492 325.08069514
314.876337988 700.899312047 1020.83285666 1745.81392492 325.26569514
314.71893058 702.630349084 1020.83481319 1747.66392492 325.45069514
314.561523173 704.365700936 1020.83296416 1749.51577677 325.635880325
314.404115766 706.096737973 1020.83492069 1751.36577677 325.82106551
314.246708358 707.832089824 1020.83317352 1753.21577677 326.006250695
314.089300951 709.563126861 1020.83513005 1755.06577677 326.191250695
313.931893543 711.298478713 1020.83338288 1756.91577677 326.376250696
313.774486136 713.02951575 1020.83533941 1758.76577677 326.561435881
313.617078729 714.764867601 1020.83349038 1760.61762862 326.746621066
313.459671321 716.495904638 1020.83544691 1762.46762862 326.931806251
313.302263914 718.23125649 1020.83369974 1764.31762862 327.116806251
313.144856507 719.962293527 1020.83565627 1766.16762862 327.301806251
312.987449099 721.697645379 1020.8339091 1768.01762862 327.486991436
312.830041692 723.428682416 1020.83586563 1769.86762862 327.672176622
312.672634285 725.164034267 1020.8340166 1771.71948048 327.857361807
312.515226877 726.895071304 1020.83597313 1773.56948048 328.042361807
312.35781947 728.630423156 1020.83422596 1775.41948048 328.227361807
312.200412063 730.361460193 1020.83618249 1777.26948048 328.412546992
312.043004655 732.096812045 1020.83443532 1779.11948048 328.597732177
311.885597248 733.827849082 1020.83639185 1780.96948048 328.782732177
311.72818984 735.563200933 1020.83454282 1782.82133233 328.967917363
311.570782433 737.296395378 1020.8346475 1784.67133233 329.152917363
311.413375026 739.029589822 1020.83475218 1786.52133233 329.338102548
311.255967618 740.764941674 1020.83300501 1788.37133233 329.523287733
311.098560211 742.49597871 1020.83496154 1790.22133233 329.708287733
310.941152804 744.231330562 1020.83321436 1792.07133233 329.893287733
310.783745396 745.962367599 1020.83506904 1793.92318418 330.078472918
310.626337989 747.697719451 1020.83332187 1795.77318418 330.263658104
310.468930582 749.428756488 1020.8352784 1797.62318418 330.448843289
310.311523174 751.164108339 1020.83353123 1799.47318418 330.633843289
310.154115767 752.895145376 1020.83548776 1801.32318418 330.818843289
309.99670836 754.630497228 1020.83363873 1803.17503604 331.004028474
309.839300952 756.361534265 1020.83559526 1805.02503604 331.189213659
309.681893545 758.096886117 1020.83384809 1806.87503604 331.374398845
309.524486137 759.827923154 1020.83580462 1808.72503604 331.559398845
309.36707873 761.563275005 1020.83405745 1810.57503604 331.744398845
309.209671323 763.294312042 1020.83601398 1812.42503604 331.92958403
309.052263915 765.029663894 1020.83416495 1814.27688789 332.114769215
308.894856508 766.760700931 1020.83612148 1816.12688789 332.2999544
308.737449101 768.496052783 1020.83437431 1817.97688789 332.4849544
308.580041693 770.227089819 1020.83633084 1819.82688789 332.6699544
308.422634286 771.962441671 1020.83458366 1821.67688789 332.855139586
308.265226879 773.697793523 1020.83283649 1823.52688789 333.040324771
308.107819471 775.42883056 1020.83469117 1825.37873974 333.225509956
307.950412064 777.164182412 1020.832944 1827.22873974 333.410509956
307.793004657 778.895219448 1020.83490053 1829.07873974 333.595509956
307.635597249 780.6305713 1020.83315335 1830.92873974 333.780695141
307.478189842 782.361608337 1020.83510988 1832.77873974 333.965880326
307.320782434 784.096960189 1020.83336271 1834.62873974 334.150880326
307.163375027 785.827997226 1020.83521739 1836.48059159 334.336065512
307.00596762 787.563349077 1020.83347022 1838.3305916 334.521065512
306.848560212 789.294386114 1020.83542675 1840.1805916 334.706250697
306.691152805 791.029737966 1020.83367957 1842.0305916 334.891435882
306.533745398 792.760775003 1020.8356361 1843.8805916 335.076435882
306.37633799 794.496126855 1020.83388893 1845.7305916 335.261435882
306.218930583 796.227163892 1020.83574361 1847.58244345 335.446621067
306.061523176 797.962515743 1020.83399644 1849.43244345 335.631806253
305.904115768 799.69355278 1020.83595297 1851.28244345 335.816991438
305.746708361 801.428904632 1020.83420579 1853.13244345 336.001991438
305.589300954 803.159941669 1020.83616232 1854.98244345 336.186991438
305.431893546 804.895293521 1020.83441515 1856.83244345 336.372176623
305.274486139 806.626330557 1020.83626983 1858.6842953 336.557361808
305.117078731 808.361682409 1020.83452266 1860.5342953 336.742546994
304.959671324 810.094876853 1020.83462734 1862.3842953 336.927546994
304.802263917 811.828071298 1020.83473201 1864.2342953 337.112546994
304.644856509 813.56342315 1020.83298484 1866.0842953 337.297732179
304.487449102 815.294460186 1020.83494137 1867.9342953 337.482917364
304.330041695 817.029812038 1020.83309235 1869.78614715 337.668102549
304.172634287 818.760849075 1020.83504888 1871.63614715 337.853102549
304.01522688 820.496200927 1020.8333017 1873.48614715 338.038102549
303.857819473 822.227237964 1020.83525823 1875.33614715 338.223287735
303.700412065 823.962589815 1020.83351106 1877.18614715 338.40847292
303.543004658 825.693626852 1020.83546759 1879.03614715 338.59347292
303.385597251 827.428978704 1020.83361857 1880.88799901 338.778658105
303.228189843 829.160015741 1020.8355751 1882.73799901 338.963658105
303.070782436 830.895367593 1020.83382792 1884.58799901 339.14884329
302.913375028 832.62640463 1020.83578445 1886.43799901 339.334028475
302.755967621 834.361756481 1020.83403728 1888.28799901 339.519028476
302.598560214 836.092793518 1020.83599381 1890.13799901 339.704028476
302.441152806 837.82814537 1020.83414479 1891.98985086 339.889213661
302.283745399 839.559182407 1020.83610132 1893.83985086 340.074398846
302.126337992 841.294534259 1020.83435414 1895.68985086 340.259584031
301.968930584 843.025571295 1020.83631067 1897.53985086 340.444584031
301.811523177 844.760923147 1020.8345635 1899.38985086 340.629584031
301.65411577 846.494117591 1020.83466818 1901.23985086 340.814769216
301.496708362 848.227312036 1020.83467101 1903.09170271 340.999954402
301.339300955 849.962663887 1020.83292383 1904.94170271 341.185139587
301.181893548 851.693700924 1020.83488036 1906.79170271 341.370139587
301.02448614 853.429052776 1020.83313319 1908.64170271 341.555139587
300.867078733 855.160089813 1020.83508972 1910.49170271 341.740324772
300.709671325 856.895441665 1020.83334255 1912.34170271 341.925509957
300.552263918 858.626478702 1020.83519723 1914.19355457 342.110695143
300.394856511 860.361830553 1020.83345005 1916.04355457 342.295695143
300.237449103 862.09286759 1020.83540658 1917.89355457 342.480695143
300.080041696 863.828219442 1020.83365941 1919.74355457 342.665880328
299.922634289 865.559256479 1020.83561594 1921.59355457 342.851065513
299.765226881 867.294608331 1020.83386877 1923.44355457 343.036065513
299.607819474 869.025645367 1020.83572345 1925.29540642 343.221250698
299.450412067 870.760997219 1020.83397627 1927.14540642 343.406250698
299.293004659 872.492034256 1020.8359328 1928.99540642 343.591435884
299.135597252 874.227386108 1020.83418563 1930.84540642 343.776621069
298.978189845 875.958423145 1020.83614216 1932.69540642 343.961621069
298.820782437 877.693774996 1020.83439499 1934.54540642 344.146621069
298.66337503 879.424812033 1020.83624967 1936.39725827 344.331806254
298.505967622 881.160163885 1020.83450249 1938.24725827 344.516991439
298.348560215 882.893358329 1020.83460717 1940.09725827 344.702176625
298.191152808 884.626552774 1020.83471185 1941.94725827 344.887176625
298.0337454 886.361904625 1020.83296468 1943.79725827 345.072176625
297.876337993 888.092941662 1020.83481936 1945.64911013 345.25736181
297.718930586 889.828293514 1020.83307218 1947.49911013 345.442546995
297.561523178 891.559330551 1020.83502871 1949.34911013 345.62773218
297.404115771 893.294682403 1020.83328154 1951.19911013 345.81273218
297.246708364 895.02571944 1020.83523807 1953.04911013 345.99773218
297.089300956 896.761071291 1020.8334909 1954.89911013 346.182917366
296.931893549 898.492108328 1020.83534558 1956.75096198 346.368102551
296.774486142 900.22746018 1020.8335984 1958.60096198 346.553287736
296.617078734 901.958497217 1020.83555493 1960.45096198 346.738287736
296.459671327 903.693849069 1020.83380776 1962.30096198 346.923287736
296.302263919 905.424886105 1020.83576429 1964.15096198 347.108472921
296.144856512 907.160237957 1020.83401712 1966.00096198 347.293658106
295.987449105 908.891274994 1020.8358718 1967.85281383 347.478843292
295.830041697 910.626626846 1020.83412462 1969.70281383 347.663843292
295.67263429 912.357663883 1020.83608115 1971.55281383 347.848843292
295.515226883 914.093015734 1020.83433398 1973.40281383 348.034028477
295.357819475 915.824052771 1020.83629051 1975.25281383 348.219213662
295.200412068 917.559404623 1020.83454334 1977.10281383 348.404213662
295.043004661 919.29044166 1020.83639802 1978.95466568 348.589398847
294.885597253 921.025793512 1020.83465084 1980.80466568 348.774398847
294.728189846 922.761145363 1020.83290367 1982.65466568 348.959584033
294.570782439 924.4921824 1020.8348602 1984.50466568 349.144769218
294.413375031 926.227534252 1020.83311303 1986.35466569 349.329769218
294.255967624 927.958571289 1020.83506956 1988.20466569 349.514769218
294.098560216 929.693923141 1020.83322053 1990.05651754 349.699954403
293.941152809 931.424960178 1020.83517706 1991.90651754 349.885139588
293.783745402 933.160312029 1020.83342989 1993.75651754 350.070324774
293.626337994 934.891349066 1020.83538642 1995.60651754 350.255324774
293.468930587 936.626700918 1020.83363925 1997.45651754 350.440324774
293.31152318 938.357737955 1020.83559578 1999.30651754 350.625509959
293.154115772 940.093089807 1020.83374675 2001.15836939 350.810695144
292.996708365 941.824126843 1020.83570328 2003.00836939 350.995880329
292.839300958 943.559478695 1020.83395611 2004.85836939 351.180880329
292.68189355 945.290515732 1020.83591264 2006.70836939 351.365880329
292.524486143 947.025867584 1020.83416547 2008.55836939 351.551065515
292.367078736 948.756904621 1020.836122 2010.40836939 351.7362507
292.209671328 950.492256472 1020.83427297 2012.26022124 351.921435885
292.052263921 952.223293509 1020.8362295 2014.11022124 352.106435885
291.894856513 953.958645361 1020.83448233 2015.96022124 352.291435885
291.737449106 955.691839805 1020.83458701 2017.81022124 352.47662107
291.580041699 957.42503425 1020.83469169 2019.66022124 352.661806256
291.422634291 959.160386101 1020.83294451 2021.51022124 352.846806256
291.265226884 960.891423138 1020.83479919 2023.3620731 353.031991441
291.107819477 962.62677499 1020.83305202 2025.2120731 353.216991441
290.950412069 964.357812027 1020.83500855 2027.0620731 353.402176626
290.793004662 966.093163879 1020.83326138 2028.9120731 353.587361811
290.635597255 967.824200916 1020.83521791 2030.7620731 353.772361811
290.478189847 969.559552767 1020.83347073 2032.6120731 353.957361811
290.32078244 971.290589804 1020.83532541 2034.46392495 354.142546997
290.163375033 973.025941656 1020.83357824 2036.31392495 354.327732182
290.005967625 974.756978693 1020.83553477 2038.16392495 354.512917367
289.848560218 976.492330544 1020.8337876 2040.01392495 354.697917367
289.69115281 978.223367581 1020.83574413 2041.86392495 354.882917367
289.533745403 979.958719433 1020.83399695 2043.71392495 355.068102552
291.60178244 979.886052766 1020.83585163 2045.5657768 355.253287738
293.73141207 979.769552766 1020.83410446 2047.4157768 355.438472923
295.861041699 979.648737952 1020.83606099 2049.2657768 355.623472923
297.990671329 979.532237952 1020.83431382 2051.1157768 355.808472923
300.120300959 979.411423137 1020.83627035 2052.9657768 355.993658108
302.249930588 979.294923137 1020.83452317 2054.8157768 356.178843294
304.379560218 979.174108322 1020.83637785 2056.66762865 356.364028479
306.509189847 979.057608322 1020.83463068 2058.51762865 356.549028479
308.638819477 978.941108322 1020.83288351 2060.36762865 356.734028479
310.768449107 978.820293507 1020.83484004 2062.21762865 356.919213664
312.898078736 978.703793507 1020.83309286 2064.06762865 357.10439885
315.027708366 978.582978692 1020.83504939 2065.91762865 357.28939885
317.157337996 978.466478692 1020.83320037 2067.76948051 357.474584035
319.286967625 978.345663877 1020.8351569 2069.61948051 357.659584035
321.416597255 978.229163877 1020.83340973 2071.46948051 357.84476922
323.546226885 978.108349063 1020.83536626 2073.31948051 358.029954405
325.675856515 977.991849063 1020.83361908 2075.16948051 358.214954406
327.805486144 977.871034248 1020.83557561 2077.01948051 358.399954406
329.935115774 977.754534248 1020.83372659 2078.87133236 358.585139591
332.064745404 977.633719433 1020.83568312 2080.72133236 358.770324776
334.194375033 977.517219433 1020.83393595 2082.57133236 358.955509961
336.324004663 977.396404618 1020.83589248 2084.42133236 359.140509962
338.453634293 977.279904618 1020.8341453 2086.27133236 359.325509962
340.583263922 977.159089803 1020.83610183 2088.12133236 359.510695147
342.712893552 977.042589803 1020.83425281 2089.97318421 359.695880332
344.842523182 976.921774989 1020.83620934 2091.82318421 359.881065517
346.972152811 976.805274989 1020.83446217 2093.67318421 360.066065518
349.101782441 976.684460174 1020.8364187 2095.52318421 360.251065518
351.231412071 976.567960174 1020.83467152 2097.37318421 360.436250703
353.3610417 976.449302766 1020.83467435 2099.22503606 360.621435888
355.49067133 976.330645359 1020.83477903 2101.07503606 360.806621073
357.62030096 976.214145359 1020.83303186 2102.92503606 360.991621074
359.749930589 976.093330544 1020.83498839 2104.77503606 361.176621074
361.879560219 975.976830544 1020.83324121 2106.62503606 361.361806259
364.009189849 975.856015729 1020.83519774 2108.47503606 361.546991444
366.138819478 975.739515729 1020.83334872 2110.32688791 361.732176629
368.268449108 975.618700914 1020.83530525 2112.17688791 361.91717663
370.398078738 975.502200914 1020.83355808 2114.02688791 362.10217663
372.527708367 975.3813861 1020.83551461 2115.87688791 362.287361815
374.657337997 975.2648861 1020.83376743 2117.72688791 362.472547
376.786967627 975.144071285 1020.83572396 2119.57688791 362.657547
378.916597256 975.027571285 1020.83387494 2121.42873976 362.842732186
381.046226886 974.90675647 1020.83583147 2123.27873976 363.027732186
383.175856516 974.79025647 1020.8340843 2125.12873976 363.212917371
385.305486146 974.669441655 1020.83604083 2126.97873976 363.398102556
387.435115775 974.552941655 1020.83429365 2128.82873976 363.583102556
389.564745405 974.43212684 1020.83625018 2130.67873976 363.768102556
391.694375035 974.31562684 1020.83440116 2132.53059162 363.953287741
393.824004664 974.194812025 1020.83635769 2134.38059162 364.138472927
395.953634294 974.078312025 1020.83461052 2136.23059162 364.323658112
398.083263924 973.961812025 1020.83286334 2138.08059162 364.508658112
400.212893553 973.840997211 1020.83481987 2139.93059162 364.693658112
402.342523183 973.724497211 1020.8330727 2141.78059162 364.878843297
404.472152813 973.603682396 1020.83492738 2143.63244347 365.064028482
406.601782442 973.487182396 1020.83318021 2145.48244347 365.249213668
408.731412072 973.366367581 1020.83513674 2147.33244347 365.434213668
410.861041702 973.249867581 1020.83338956 2149.18244347 365.619213668
412.990671331 973.129052766 1020.83534609 2151.03244347 365.804398853
415.120300961 973.012552766 1020.83359892 2152.88244347 365.989584038
417.249930591 972.891737951 1020.8354536 2154.73429532 366.174769223
419.37956022 972.775237951 1020.83370643 2156.58429532 366.359769223
421.50918985 972.654423136 1020.83566296 2158.43429532 366.544769223
423.63881948 972.537923136 1020.83391578 2160.28429532 366.729954409
425.768449109 972.417108322 1020.83587231 2162.13429532 366.915139594
427.898078739 972.300608321 1020.83412514 2163.98429532 367.100139594
430.027708369 972.179793507 1020.83597982 2165.83614717 367.285324779
432.157337998 972.063293507 1020.83423265 2167.68614717 367.470324779
434.286967628 971.942478692 1020.83618918 2169.53614717 367.655509964
436.416597258 971.825978692 1020.834442 2171.38614717 367.840695149
438.546226887 971.705163877 1020.83639853 2173.23614717 368.025695149
440.675856517 971.588663877 1020.83465136 2175.08614717 368.210695149
442.805486147 971.47000647 1020.83465419 2176.93799902 368.395880335
444.935115776 971.351349062 1020.83475887 2178.78799902 368.58106552
447.064745406 971.234849062 1020.83301169 2180.63799902 368.766250705
449.194375036 971.114034247 1020.83496822 2182.48799902 368.951250705
451.324004666 970.997534247 1020.83322105 2184.33799902 369.136250705
453.453634295 970.876719432 1020.83517758 2186.18799902 369.32143589
455.583263925 970.760219432 1020.83332856 2188.03985087 369.506621076
457.712893555 970.639404618 1020.83528509 2189.88985087 369.691806261
459.842523184 970.522904618 1020.83353791 2191.73985087 369.876806261
461.972152814 970.402089803 1020.83549444 2193.58985087 370.061806261
464.101782444 970.285589803 1020.83374727 2195.43985087 370.246991446
466.231412073 970.164774988 1020.8357038 2197.28985087 370.432176631
468.361041703 970.048274988 1020.83385478 2199.14170273 370.617361817
470.490671333 969.927460173 1020.83581131 2200.99170273 370.802361817
472.620300962 969.810960173 1020.83406413 2202.84170273 370.987361817
474.749930592 969.690145358 1020.83602066 2204.69170273 371.172547002
476.879560222 969.573645358 1020.83427349 2206.54170273 371.357732187
479.009189851 969.452830544 1020.83623002 2208.39170273 371.542732187
481.138819481 969.336330544 1020.834381 2210.24355458 371.727917372
483.26844911 969.215515729 1020.83633753 2212.09355458 371.912917372
485.39807874 969.099015729 1020.83459035 2213.94355458 372.098102558
487.52770837 968.982515729 1020.83284318 2215.79355458 372.283287743
489.657337999 968.861700914 1020.83479971 2217.64355458 372.468287743
491.786967629 968.745200914 1020.83305254 2219.49355458 372.653287743
493.916597259 968.624386099 1020.83490722 2221.34540643 372.838472928
496.046226888 968.507886099 1020.83316004 2223.19540643 373.023658113
498.175856518 968.387071284 1020.83511657 2225.04540643 373.208843298
500.305486147 968.270571284 1020.8333694 2226.89540643 373.393843299
502.435115777 968.149756469 1020.83532593 2228.74540643 373.578843299
504.564745407 968.033256469 1020.83357876 2230.59540643 373.764028484
506.694375036 967.912441655 1020.83543344 2232.44725828 373.949213669
508.824004666 967.795941655 1020.83368626 2234.29725828 374.134398854
510.953634296 967.67512684 1020.83564279 2236.14725828 374.319398854
513.083263925 967.55862684 1020.83389562 2237.99725828 374.504398854
515.212893555 967.437812025 1020.83585215 2239.84725828 374.689584039
517.342523184 967.321312025 1020.83400313 2241.69911013 374.874769225
519.472152814 967.20049721 1020.83595966 2243.54911013 375.05995441
521.601782444 967.08399721 1020.83421248 2245.39911013 375.24495441
523.731412073 966.963182395 1020.83616901 2247.24911013 375.42995441
525.861041703 966.846682395 1020.83442184 2249.09911013 375.615139595
527.990671332 966.72586758 1020.83637837 2250.94911013 375.80032478
530.120300962 966.60936758 1020.83452935 2252.80096198 375.985509966
532.249930592 966.490710173 1020.83463402 2254.65096198 376.170509966
534.379560221 966.372052766 1020.8347387 2256.50096198 376.355509966
536.509189851 966.255552766 1020.83299153 2258.35096198 376.540695151
538.638819481 966.134737951 1020.83494806 2260.20096198 376.725880336
540.76844911 966.018237951 1020.83320089 2262.05096198 376.910880336
542.89807874 965.897423136 1020.83505557 2263.90281384 377.096065521
545.027708369 965.780923136 1020.83330839 2265.75281384 377.281065521
547.157337999 965.660108321 1020.83526492 2267.60281384 377.466250707
549.286967629 965.543608321 1020.83351775 2269.45281384 377.651435892
551.416597258 965.422793506 1020.83547428 2271.30281384 377.836435892
553.546226888 965.306293506 1020.83372711 2273.15281384 378.021435892
555.675856518 965.185478692 1020.83558179 2275.00466569 378.206621077
557.805486147 965.068978692 1020.83383461 2276.85466569 378.391806262
559.935115777 964.948163877 1020.83579114 2278.70466569 378.576991448
562.064745406 964.831663877 1020.83404397 2280.55466569 378.761991448
564.194375036 964.710849062 1020.8360005 2282.40466569 378.946991448
566.324004666 964.594349062 1020.83425333 2284.25466569 379.132176633
568.453634295 964.473534247 1020.83610801 2286.10651754 379.317361818
570.583263925 964.357034247 1020.83436083 2287.95651754 379.502547003
572.712893555 964.236219432 1020.83631736 2289.80651754 379.687547003
574.842523184 964.119719432 1020.83457019 2291.65651754 379.872547003
576.972152814 964.001062025 1020.83467487 2293.50651754 380.057732189
579.101782443 963.882404617 1020.83477955 2295.35651754 380.242917374
581.231412073 963.765904617 1020.83293052 2297.20836939 380.428102559
583.361041703 963.645089803 1020.83488705 2299.05836939 380.613102559
585.490671332 963.528589803 1020.83313988 2300.90836939 380.798102559
587.620300962 963.407774988 1020.83509641 2302.75836939 380.983287744
589.749930591 963.291274988 1020.83334924 2304.60836939 381.168472929
591.879560221 963.170460173 1020.83530577 2306.45836939 381.35347293
594.009189851 963.053960173 1020.83345674 2308.31022124 381.538658115
596.13881948 962.933145358 1020.83541327 2310.16022124 381.723658115
598.26844911 962.816645358 1020.8336661 2312.01022124 381.9088433
600.39807874 962.695830543 1020.83562263 2313.86022124 382.094028485
602.527708369 962.579330543 1020.83387546 2315.71022124 382.279028485
604.657337999 962.458515728 1020.83583199 2317.56022124 382.464028485
606.786967628 962.342015728 1020.83398296 2319.41207309 382.64921367
608.916597258 962.221200914 1020.83593949 2321.26207309 382.834398856
611.046226888 962.104700914 1020.83419232 2323.11207309 383.019584041
613.175856517 961.983886099 1020.83614885 2324.96207309 383.204584041
615.305486147 961.867386099 1020.83440168 2326.81207309 383.389584041
617.435115777 961.746571284 1020.83635821 2328.66207309 383.574769226
619.564745406 961.630071284 1020.83450918 2330.51392495 383.759954411
621.694375036 961.511413877 1020.83461386 2332.36392495 383.945139597
623.824004665 961.392756469 1020.83471854 2334.21392495 384.130139597
625.953634295 961.276256469 1020.83297137 2336.06392495 384.315139597
628.083263925 961.155441654 1020.8349279 2337.91392495 384.500324782
630.212893554 961.038941654 1020.83318072 2339.76392495 384.685509967
632.342523184 960.91812684 1020.8350354 2341.6157768 384.870695152
634.472152814 960.80162684 1020.83328823 2343.4657768 385.055695152
636.601782443 960.680812025 1020.83524476 2345.3157768 385.240695152
638.731412073 960.564312025 1020.83349759 2347.1657768 385.425880338
640.861041702 960.44349721 1020.83545412 2349.0157768 385.611065523
642.990671332 960.32699721 1020.83370694 2350.8657768 385.796065523
645.120300962 960.206182395 1020.83556162 2352.71762865 385.981250708
647.249930591 960.089682395 1020.83381445 2354.56762865 386.166250708
649.379560221 959.96886758 1020.83577098 2356.41762865 386.351435893
651.509189851 959.85236758 1020.83402381 2358.26762865 386.536621079
653.63881948 959.731552765 1020.83598034 2360.11762865 386.721621079
655.76844911 959.615052765 1020.83423316 2361.96762865 386.906621079
657.898078739 959.494237951 1020.83608784 2363.8194805 387.091806264
660.027708369 959.377737951 1020.83434067 2365.6694805 387.276991449
662.157337999 959.256923136 1020.8362972 2367.5194805 387.462176634
664.286967628 959.140423136 1020.83455003 2369.3694805 387.647176634
666.416597258 959.021765728 1020.8346547 2371.2194805 387.832176634
668.546226887 958.903108321 1020.83475938 2373.0694805 388.01736182
670.675856517 958.786608321 1020.83291036 2374.92133235 388.202547005
672.805486147 958.665793506 1020.83486689 2376.77133235 388.38773219
674.935115776 958.549293506 1020.83311972 2378.62133235 388.57273219
677.064745406 958.428478691 1020.83507625 2380.47133235 388.75773219
679.194375036 958.311978691 1020.83332907 2382.32133235 388.942917375
681.324004665 958.191163876 1020.8352856 2384.17133235 389.12810256
683.453634295 958.074663876 1020.83343658 2386.0231842 389.313287746
685.583263924 957.953849062 1020.83539311 2387.8731842 389.498287746
687.712893554 957.837349062 1020.83364594 2389.7231842 389.683287746
689.842523184 957.716534247 1020.83560247 2391.5731842 389.868472931
691.972152813 957.600034247 1020.83385529 2393.4231842 390.053658116
694.101782443 957.479219432 1020.83570997 2395.27503606 390.238843301
696.231412073 957.362719432 1020.8339628 2397.12503606 390.423843301
698.361041702 957.241904617 1020.83591933 2398.97503606 390.608843301
700.490671332 957.125404617 1020.83417216 2400.82503606 390.794028487
702.620300961 957.004589802 1020.83612869 2402.67503606 390.979213672
704.749930591 956.888089802 1020.83438151 2404.52503606 391.164213672
706.879560221 956.767274988 1020.83623619 2406.37688791 391.349398857
709.00918985 956.650774988 1020.83448902 2408.22688791 391.534398857
711.13881948 956.53211758 1020.8345937 2410.07688791 391.719584042
713.26844911 956.413460173 1020.83469838 2411.92688791 391.904769228
715.398078739 956.296960173 1020.8329512 2413.77688791 392.089769228
717.527708369 956.176145358 1020.83490773 2415.62688791 392.274769228
719.657337998 956.059645358 1020.83305871 2417.47873976 392.459954413
721.786967628 955.938830543 1020.83501524 2419.32873976 392.645139598
723.916597258 955.822330543 1020.83326807 2421.17873976 392.830324783
726.046226887 955.701515728 1020.8352246 2423.02873976 393.015324783
728.175856517 955.585015728 1020.83347742 2424.87873976 393.200324783
730.305486147 955.464200913 1020.83543395 2426.72873976 393.385509969
732.435115776 955.347700913 1020.83358493 2428.58059161 393.570695154
734.564745406 955.226886099 1020.83554146 2430.43059161 393.755880339
736.694375035 955.110386099 1020.83379429 2432.28059161 393.940880339
738.824004665 954.989571284 1020.83575082 2434.13059161 394.125880339
740.953634295 954.873071284 1020.83400364 2435.98059161 394.311065524
743.083263924 954.752256469 1020.83596017 2437.83059161 394.49625071
745.212893554 954.635756469 1020.83411115 2439.68244346 394.681435895
747.342523183 954.514941654 1020.83606768 2441.53244346 394.866435895
749.472152813 954.398441654 1020.83432051 2443.38244346 395.051435895
751.601782443 954.277626839 1020.83627704 2445.23244346 395.23662108
753.731412072 954.161126839 1020.83452986 2447.08244346 395.421806265
755.861041702 954.042469432 1020.83463454 2448.93244346 395.606806265
757.990671332 953.923812024 1020.83463737 2450.78429532 395.79199145
760.120300961 953.807312024 1020.8328902 2452.63429532 395.976991451
762.249930591 953.68649721 1020.83484673 2454.48429531 396.162176636
764.37956022 953.56999721 1020.83309955 2456.33429531 396.347361821
766.50918985 953.449182395 1020.83505608 2458.18429531 396.532361821
768.63881948 953.332682395 1020.83330891 2460.03429531 396.717361821
770.768449109 953.21186758 1020.83516359 2461.88614717 396.902547006
772.898078739 953.09536758 1020.83341642 2463.73614717 397.087732191
775.027708369 952.974552765 1020.83537295 2465.58614717 397.272917377
777.157337998 952.858052765 1020.83362577 2467.43614717 397.457917377
779.286967628 952.73723795 1020.8355823 2469.28614717 397.642917377
781.416597257 952.62073795 1020.83383513 2471.13614717 397.828102562
783.546226887 952.499923136 1020.83568981 2472.98799902 398.013287747
785.675856517 952.383423136 1020.83394264 2474.83799902 398.198472932
787.805486146 952.262608321 1020.83589917 2476.68799902 398.383472932
789.935115776 952.146108321 1020.83415199 2478.53799902 398.568472932
792.064745406 952.025293506 1020.83610852 2480.38799902 398.753658118
794.194375035 951.908793506 1020.83436135 2482.23799902 398.938843303
796.324004665 951.787978691 1020.83621603 2484.08985087 399.124028488
798.453634294 951.671478691 1020.83446886 2485.93985087 399.309028488
800.583263924 951.550663876 1020.83642539 2487.78985087 399.494028488
802.712893554 951.434163876 1020.83467821 2489.63985087 399.679213673
804.842523183 951.317663876 1020.83293104 2491.48985087 399.864398859
806.972152813 951.196849061 1020.83488757 2493.33985087 400.049398859
809.101782443 951.080349061 1020.83303854 2495.19170272 400.234584044
811.231412072 950.959534247 1020.83499507 2497.04170272 400.419584044
813.361041702 950.843034247 1020.8332479 2498.89170272 400.604769229
815.490671331 950.722219432 1020.83520443 2500.74170272 400.789954414
817.620300961 950.605719432 1020.83345726 2502.59170272 400.974954414
819.749930591 950.484904617 1020.83541379 2504.44170272 401.159954414
821.87956022 950.368404617 1020.83356476 2506.29355457 401.3451396
824.00918985 950.247589802 1020.83552129 2508.14355457 401.530324785
826.138819479 950.131089802 1020.83377412 2509.99355457 401.71550997
828.268449109 950.010274987 1020.83573065 2511.84355457 401.90050997
830.398078739 949.893774987 1020.83398348 2513.69355457 402.08550997
832.527708368 949.772960172 1020.83594001 2515.54355457 402.270695155
834.657337998 949.656460172 1020.83409098 2517.39540643 402.45588034
836.786967628 949.535645358 1020.83604751 2519.24540643 402.641065526
838.916597257 949.419145358 1020.83430034 2521.09540643 402.826065526
841.046226887 949.298330543 1020.83625687 2522.94540643 403.011065526
843.175856516 949.181830543 1020.8345097 2524.79540643 403.196250711
845.305486146 949.063173135 1020.83461438 2526.64540643 403.381435896
847.435115776 948.944515728 1020.8346172 2528.49725828 403.566621081
849.564745405 948.828015728 1020.83287003 2530.34725828 403.751621081
851.694375035 948.707200913 1020.83482656 2532.19725828 403.936621081
853.824004665 948.590700913 1020.83307939 2534.04725828 404.121806267
855.953634294 948.469886098 1020.83503592 2535.89725828 404.306991452
858.083263924 948.353386098 1020.83318689 2537.74911013 404.492176637
860.212893553 948.232571284 1020.83514342 2539.59911013 404.677176637
862.342523183 948.116071284 1020.83339625 2541.44911013 404.862176637
864.472152813 947.995256469 1020.83535278 2543.29911013 405.047361822
866.601782442 947.878756469 1020.83360561 2545.14911013 405.232547008
868.731412072 947.757941654 1020.83556214 2546.99911013 405.417547008
870.861041702 947.641441654 1020.83371311 2548.85096198 405.602732193
872.990671331 947.520626839 1020.83566964 2550.70096198 405.787732193
875.120300961 947.404126839 1020.83392247 2552.55096198 405.972917378
877.24993059 947.283312024 1020.835879 2554.40096198 406.158102563
879.37956022 947.166812024 1020.83413183 2556.25096198 406.343102563
881.50918985 947.045997209 1020.83608836 2558.10096198 406.528102563
883.638819479 946.929497209 1020.83423933 2559.95281383 406.713287749
885.768449109 946.808682395 1020.83619586 2561.80281383 406.898472934
887.898078738 946.692182395 1020.83444869 2563.65281383 407.083658119
890.027708368 946.57136758 1020.83640522 2565.50281383 407.268658119
892.157337998 946.45486758 1020.83465805 2567.35281383 407.453658119
894.286967627 946.33836758 1020.83291087 2569.20281383 407.638843304
896.416597257 946.217552765 1020.83476555 2571.05466568 407.82402849
898.546226887 946.101052765 1020.83301838 2572.90466568 408.009213675
900.675856516 945.98023795 1020.83497491 2574.75466568 408.194213675
902.805486146 945.86373795 1020.83322774 2576.60466568 408.379213675
904.935115775 945.742923135 1020.83518427 2578.45466568 408.56439886
907.064745405 945.626423135 1020.83343709 2580.30466568 408.749584045
909.194375035 945.50560832 1020.83529177 2582.15651754 408.93476923
911.324004664 945.38910832 1020.8335446 2584.00651754 409.119769231
913.453634294 945.268293506 1020.83550113 2585.85651754 409.304769231
915.583263924 945.151793506 1020.83375396 2587.70651754 409.489954416
917.712893553 945.030978691 1020.83571049 2589.55651754 409.675139601
919.842523183 944.914478691 1020.83396331 2591.40651754 409.860139601
921.972152812 944.793663876 1020.83581799 2593.25836939 410.045324786
924.101782442 944.677163876 1020.83407082 2595.10836939 410.230324786
926.231412072 944.556349061 1020.83602735 2596.95836939 410.415509971
928.361041701 944.439849061 1020.83428018 2598.80836939 410.600695157
930.490671331 944.319034246 1020.83623671 2600.65836939 410.785695157
932.620300961 944.202534246 1020.83448953 2602.50836939 410.970695157
934.74993059 944.081719432 1020.83634421 2604.36022124 411.155880342
936.87956022 943.965219432 1020.83459704 2606.21022124 411.341065527
939.009189849 943.848719432 1020.83284987 2608.06022124 411.526250712
941.138819479 943.727904617 1020.8348064 2609.91022124 411.711250712
943.268449109 943.611404617 1020.83305922 2611.76022124 411.896250712
945.398078738 943.490589802 1020.83501575 2613.61022124 412.081435898
947.527708368 943.374089802 1020.83316673 2615.46207309 412.266621083
949.657337998 943.253274987 1020.83512326 2617.31207309 412.451806268
951.786967627 943.136774987 1020.83337609 2619.16207309 412.636806268
953.916597257 943.015960172 1020.83533262 2621.01207309 412.821806268
956.046226886 942.899460172 1020.83358544 2622.86207309 413.006991453
958.175856516 942.778645357 1020.83554197 2624.71207309 413.192176639
960.305486146 942.662145357 1020.83369295 2626.56392494 413.377361824
962.435115775 942.541330543 1020.83564948 2628.41392494 413.562361824
964.564745405 942.424830543 1020.83390231 2630.26392494 413.747361824
966.694375034 942.304015728 1020.83585884 2632.11392494 413.932547009
968.824004664 942.187515728 1020.83411166 2633.96392494 414.117732194
970.953634294 942.066700913 1020.83606819 2635.81392494 414.302732194
973.083263923 941.950200913 1020.83421917 2637.66577679 414.48791738
975.212893553 941.829386098 1020.8361757 2639.51577679 414.67291738
977.342523183 941.712886098 1020.83442853 2641.36577679 414.858102565
979.472152812 941.592071283 1020.83638506 2643.21577679 415.04328775
981.601782442 941.475571283 1020.83463788 2645.06577679 415.22828775
983.731412071 941.359071283 1020.83289071 2646.91577679 415.41328775
985.861041701 941.238256468 1020.83474539 2648.76762865 415.598472935
987.990671331 941.121756468 1020.83299822 2650.61762865 415.783658121
990.12030096 941.000941654 1020.83495475 2652.46762865 415.968843306
992.24993059 940.884441654 1020.83320757 2654.31762865 416.153843306
994.37956022 940.763626839 1020.8351641 2656.16762865 416.338843306
996.509189849 940.647126839 1020.83341693 2658.01762865 416.524028491
998.638819479 940.526312024 1020.83527161 2659.8694805 416.709213676
1000.00391207 940.409812024 1020.83352444 2661.7194805 416.894398861
1000.00391207 940.288997209 1020.83548097 2663.5694805 417.079398861
1000.00391207 940.172497209 1020.83373379 2665.4194805 417.264398862
1000.00391207 940.051682394 1020.83569032 2667.2694805 417.449584047
1000.00391207 939.935182394 1020.83394315 2669.1194805 417.634769232
1000.00391207 939.81436758 1020.83579783 2670.97133235 417.819954417
1000.00391207 939.69786758 1020.83405066 2672.82133235 418.004954417
1000.00391207 939.577052765 1020.83600719 2674.67133235 418.189954417
1000.00391207 939.460552765 1020.83426001 2676.52133235 418.375139602
1000.00391207 939.33973795 1020.83621654 2678.37133235 418.560324788
1000.00391207 939.22323795 1020.83446937 2680.22133235 418.745324788
1000.00391207 939.102423135 1020.83632405 2682.0731842 418.930509973
1000.00391207 938.985923135 1020.83457688 2683.9231842 419.115509973
1000.00391207 938.869423135 1020.8328297 2685.7731842 419.300695158
1000.00391207 938.74860832 1020.83478623 2687.6231842 419.485880343
1000.00391207 938.63210832 1020.83303906 2689.4731842 419.670880343
1000.00391207 938.511293505 1020.83489374 2691.32503605 419.856065529
1000.00391207 938.394793505 1020.83314657 2693.17503605 420.041065529
1000.00391207 938.273978691 1020.8351031 2695.02503605 420.226250714
1000.00391207 938.157478691 1020.83335592 2696.87503605 420.411435899
1000.00391207 938.036663876 1020.83531245 2698.72503605 420.596435899
1000.00391207 937.920163876 1020.83356528 2700.57503605 420.781435899
1000.00391207 937.799349061 1020.83541996 2702.4268879 420.966621084
1000.00391207 937.682849061 1020.83367279 2704.2768879 421.15180627
1000.00391207 937.562034246 1020.83562932 2706.1268879 421.336991455
1000.00391207 937.445534246 1020.83388214 2707.9768879 421.521991455
1000.00391207 937.324719431 1020.83583867 2709.8268879 421.706991455
1000.00391207 937.208219431 1020.8340915 2711.6768879 421.89217664
1000.00391207 937.087404616 1020.83594618 2713.52873976 422.077361825
1000.00391207 936.970904616 1020.83419901 2715.37873976 422.262547011
1000.00391207 936.850089802 1020.83615554 2717.22873976 422.447547011
1000.00391207 936.733589802 1020.83440836 2719.07873976 422.632547011
1000.00391207 936.612774987 1020.83636489 2720.92873976 422.817732196
1000.00391207 936.496274987 1020.83461772 2722.77873976 423.002917381
1000.00391207 936.377617579 1020.83462055 2724.63059161 423.188102566
1000.00391207 936.258960172 1020.83472523 2726.48059161 423.373102566
1000.00391207 936.142460172 1020.83297805 2728.33059161 423.558102566
1000.00391207 936.021645357 1020.83493458 2730.18059161 423.743287752
1000.00391207 935.905145357 1020.83318741 2732.03059161 423.928472937
1000.00391207 935.784330542 1020.83514394 2733.88059161 424.113472937
1000.00391207 935.667830542 1020.83329492 2735.73244346 424.298658122
1000.00391207 935.547015728 1020.83525145 2737.58244346 424.483658122
1000.00391207 935.430515728 1020.83350427 2739.43244346 424.668843307
1000.00391207 935.309700913 1020.8354608 2741.28244346 424.854028492
1000.00391207 935.193200913 1020.83371363 2743.13244346 425.039028492
1000.00391207 935.072386098 1020.83567016 2744.98244346 425.224028492
1000.00391207 934.955886098 1020.83382114 2746.83429531 425.409213678
1000.00391207 934.835071283 1020.83577767 2748.68429531 425.594398863
1000.00391207 934.718571283 1020.83403049 2750.53429531 425.779584048
1000.00391207 934.597756468 1020.83598702 2752.38429531 425.964584048
1000.00391207 934.481256468 1020.83423985 2754.23429531 426.149584048
1000.00391207 934.360441653 1020.83619638 2756.08429531 426.334769233
1000.00391207 934.243941653 1020.83434736 2757.93614716 426.519954419
1000.00391207 934.123126839 1020.83630389 2759.78614716 426.705139604
1000.00391207 934.006626839 1020.83455671 2761.63614716 426.890139604
1000.00391207 933.887969431 1020.83466139 2763.48614716 427.075139604
1000.00391207 933.769312024 1020.83476607 2765.33614716 427.260324789
1000.00391207 933.652812024 1020.8330189 2767.18614716 427.445509974
1000.00391207 933.531997209 1020.83487358 2769.03799901 427.63069516
1000.00391207 933.415497209 1020.8331264 2770.88799901 427.81569516
1000.00391207 933.294682394 1020.83508293 2772.73799901 428.00069516
1000.00391207 933.178182394 1020.83333576 2774.58799901 428.185880345
1000.00391207 933.057367579 1020.83529229 2776.43799901 428.37106553
1000.00391207 932.940867579 1020.83354512 2778.28799901 428.55606553
1000.00391207 932.820052765 1020.8353998 2780.13985087 428.741250715
1000.00391207 932.703552764 1020.83365262 2781.98985087 428.926250715
1000.00391207 932.58273795 1020.83560915 2783.83985087 429.111435901
1000.00391207 932.46623795 1020.83386198 2785.68985087 429.296621086
1000.00391207 932.345423135 1020.83581851 2787.53985087 429.481621086
1000.00391207 932.228923135 1020.83407134 2789.38985087 429.666621086
1000.00391207 932.10810832 1020.83592602 2791.24170272 429.851806271
1000.00391207 931.99160832 1020.83417884 2793.09170272 430.036991456
1000.00391207 931.870793505 1020.83613537 2794.94170272 430.222176641
1000.00391207 931.754293505 1020.8343882 2796.79170272 430.407176642
1000.00391207 931.63347869 1020.83634473 2798.64170272 430.592176642
1000.00391207 931.51697869 1020.83459756 2800.49170272 430.777361827
1000.00391207 931.398321283 1020.83460039 2802.34355457 430.962547012
1000.00391207 931.279663876 1020.83470506 2804.19355457 431.147732197
1000.00391207 931.163163876 1020.83295789 2806.04355457 431.332732197
1000.00391207 931.042349061 1020.83491442 2807.89355457 431.517732197
1000.00391207 930.925849061 1020.83316725 2809.74355457 431.702917382
1000.00391207 930.805034246 1020.83512378 2811.59355457 431.888102568
1000.00391207 930.688534246 1020.83327475 2813.44540642 432.073287753
1000.00391207 930.567719431 1020.83523128 2815.29540642 432.258287753
1000.00391207 930.451219431 1020.83348411 2817.14540642 432.443287753
1000.00391207 930.330404616 1020.83544064 2818.99540642 432.628472938
1000.00391207 930.213904616 1020.83369347 2820.84540642 432.813658123
1000.00391207 930.093089801 1020.83565 2822.69540642 432.998658123
1000.00391207 929.976589801 1020.83380097 2824.54725827 433.183843309
1000.00391207 929.855774987 1020.8357575 2826.39725827 433.368843309
1000.00391207 929.739274987 1020.83401033 2828.24725827 433.554028494
1000.00391207 929.618460172 1020.83596686 2830.09725827 433.739213679
1000.00391207 929.501960172 1020.83421969 2831.94725827 433.924213679
1000.00391207 929.381145357 1020.83607437 2833.79911012 434.109398864
1000.00391207 929.264645357 1020.83432719 2835.64911012 434.294398864
1000.00391207 929.143830542 1020.83628372 2837.49911012 434.47958405
1000.00391207 929.027330542 1020.83453655 2839.34911012 434.664769235
1000.00391207 928.908673135 1020.83464123 2841.19911012 434.849769235
1000.00391207 928.790015727 1020.83474591 2843.04911012 435.034769235
1000.00391207 928.673515727 1020.83289688 2844.90096198 435.21995442
1000.00391207 928.552700913 1020.83485341 2846.75096198 435.405139605
1000.00391207 928.436200913 1020.83310624 2848.60096198 435.590324791
1000.00391207 928.315386098 1020.83506277 2850.45096198 435.775324791
1000.00391207 928.198886098 1020.8333156 2852.30096198 435.960324791
1000.00391207 928.078071283 1020.83527213 2854.15096198 436.145509976
1000.00391207 927.961571283 1020.8334231 2856.00281383 436.330695161
1000.00391207 927.840756468 1020.83537963 2857.85281383 436.515880346
1000.00391207 927.724256468 1020.83363246 2859.70281383 436.700880346
1000.00391207 927.603441653 1020.83558899 2861.55281383 436.885880346
1000.00391207 927.486941653 1020.83384182 2863.40281383 437.071065532
1000.00391207 927.366126838 1020.83579835 2865.25281383 437.256250717
1000.00391207 927.249626838 1020.83394932 2867.10466568 437.441435902
1000.00391207 927.128812024 1020.83590585 2868.95466568 437.626435902
1000.00391207 927.012312024 1020.83415868 2870.80466568 437.811435902
1000.00391207 926.891497209 1020.83611521 2872.65466568 437.996621087
1000.00391207 926.774997209 1020.83436804 2874.50466568 438.181806272
1000.00391207 926.654182394 1020.83632457 2876.35466568 438.366806273
1000.00391207 926.537682394 1020.83447554 2878.20651753 438.551991458
1000.00391207 926.419024987 1020.83458022 2880.05651753 438.736991458
1000.00391207 926.300367579 1020.8346849 2881.90651753 438.922176643
1000.00391207 926.183867579 1020.83293773 2883.75651753 439.107361828
1000.00391207 926.063052764 1020.83489426 2885.60651753 439.292361828
1000.00391207 925.946552764 1020.83314708 2887.45651753 439.477361828
1000.00391207 925.825737949 1020.83500176 2889.30836938 439.662547013
1000.00391207 925.709237949 1020.83325459 2891.15836938 439.847732199
1000.00391207 925.588423135 1020.83521112 2893.00836938 440.032917384
1000.00391207 925.471923135 1020.83346395 2894.85836938 440.217917384
1000.00391207 925.35110832 1020.83542048 2896.70836938 440.402917384
1000.00391207 925.23460832 1020.8336733 2898.55836938 440.588102569
1000.00391207 925.113793505 1020.83552798 2900.41022123 440.773287754
1000.00391207 924.997293505 1020.83378081 2902.26022123 440.95847294
1000.00391207 924.87647869 1020.83573734 2904.11022123 441.14347294
1000.00391207 924.75997869 1020.83399017 2905.96022123 441.32847294
1000.00391207 924.639163875 1020.8359467 2907.81022123 441.513658125
1000.00391207 924.522663875 1020.83419952 2909.66022123 441.69884331
1000.00391207 924.401849061 1020.8360542 2911.51207309 441.884028495
1000.00391207 924.285349061 1020.83430703 2913.36207309 442.069028495
1000.00391207 924.164534246 1020.83626356 2915.21207309 442.254028495
1000.00391207 924.048034246 1020.83451639 2917.06207309 442.439213681
1000.00391207 923.929376838 1020.83462106 2918.91207309 442.624398866
1000.00391207 923.810719431 1020.83472574 2920.76207309 442.809398866
1000.00391207 923.694219431 1020.83287672 2922.61392494 442.994584051
1000.00391207 923.573404616 1020.83483325 2924.46392494 443.179584051
1000.00391207 923.456904616 1020.83308608 2926.31392494 443.364769236
1000.00391207 923.336089801 1020.83504261 2928.16392494 443.549954422
1000.00391207 923.219589801 1020.83329543 2930.01392494 443.734954422
1000.00391207 923.098774986 1020.83525196 2931.86392494 443.919954422
1000.00391207 922.982274986 1020.83340294 2933.71577679 444.105139607
1000.00391207 922.861460172 1020.83535947 2935.56577679 444.290324792
1000.00391207 922.744960172 1020.8336123 2937.41577679 444.475509977
1000.00391207 922.624145357 1020.83556883 2939.26577679 444.660509977
1000.00391207 922.507645357 1020.83382165 2941.11577679 444.845509977
1000.00391207 922.386830542 1020.83577818 2942.96577679 445.030695163
1000.00391207 922.270330542 1020.83392916 2944.81762864 445.215880348
1000.00391207 922.149515727 1020.83588569 2946.66762864 445.401065533
1000.00391207 922.033015727 1020.83413852 2948.51762864 445.586065533
1000.00391207 921.912200912 1020.83609505 2950.36762864 445.771065533
1000.00391207 921.795700912 1020.83434787 2952.21762864 445.956250718
1000.00391207 921.674886097 1020.8363044 2954.06762864 446.141435903
1000.00391207 921.558386097 1020.83445538 2955.91948049 446.326621089
1000.00391207 921.437571283 1020.83641191 2957.76948049 446.511621089
1000.00391207 921.321071283 1020.83466474 2959.61948049 446.696621089
1000.00391207 921.204571283 1020.83291756 2961.46948049 446.881806274
1000.00391207 921.083756468 1020.83487409 2963.31948049 447.066991459
1000.00391207 920.967256468 1020.83312692 2965.16948049 447.251991459
1000.00391207 920.846441653 1020.8349816 2967.02133234 447.437176644
1000.00391207 920.729941653 1020.83323443 2968.87133234 447.622176644
1000.00391207 920.609126838 1020.83519096 2970.72133234 447.80736183
1000.00391207 920.492626838 1020.83344378 2972.57133234 447.992547015
1000.00391207 920.371812023 1020.83540031 2974.42133234 448.177547015
1000.00391207 920.255312023 1020.83365314 2976.27133234 448.362547015
1000.00391207 920.134497209 1020.83550782 2978.1231842 448.5477322
1000.00391207 920.017997209 1020.83376065 2979.9731842 448.732917385
1000.00391207 919.897182394 1020.83571718 2981.8231842 448.918102571
1000.00391207 919.780682394 1020.83397 2983.6731842 449.103102571
1000.00391207 919.659867579 1020.83592653 2985.5231842 449.288102571
1000.00391207 919.543367579 1020.83407751 2987.37503605 449.473287756
1000.00391207 919.422552764 1020.83603404 2989.22503605 449.658472941
1000.00391207 919.306052764 1020.83428687 2991.07503605 449.843658126
1000.00391207 919.185237949 1020.8362434 2992.92503605 450.028658126
1000.00391207 919.068737949 1020.83449622 2994.77503605 450.213658126
1000.00391207 918.950080542 1020.8346009 2996.62503605 450.398843312
1000.00391207 918.831423134 1020.83460373 2998.4768879 450.584028497
1000.00391207 918.714923134 1020.83285656 3000.3268879 450.769213682
1000.00391207 918.59410832 1020.83481309 3002.1768879 450.954213682
1000.00391207 918.47760832 1020.83306591 3004.0268879 451.139213682
1000.00391207 918.356793505 1020.83502244 3005.8768879 451.324398867
1000.00391207 918.240293505 1020.83327527 3007.7268879 451.509584053
1000.00391207 918.11947869 1020.83512995 3009.57873975 451.694769238
1000.00391207 918.00297869 1020.83338278 3011.42873975 451.879769238
1000.00391207 917.882163875 1020.83533931 3013.27873975 452.064769238
1000.00391207 917.765663875 1020.83359213 3015.12873975 452.249954423
1000.00391207 917.64484906 1020.83554866 3016.97873975 452.435139608
1000.00391207 917.52834906 1020.83380149 3018.82873975 452.620139608
1000.00391207 917.407534245 1020.83565617 3020.6805916 452.805324793
1000.00391207 917.291034245 1020.833909 3022.5305916 452.990324794
1000.00391207 917.170219431 1020.83586553 3024.3805916 453.175509979
1000.00391207 917.053719431 1020.83411835 3026.2305916 453.360695164
1000.00391207 916.932904616 1020.83607488 3028.0805916 453.545695164
1000.00391207 916.816404616 1020.83432771 3029.9305916 453.730695164
1000.00391207 916.695589801 1020.83618239 3031.78244345 453.915880349
1000.00391207 916.579089801 1020.83443522 3033.63244345 454.101065534
1000.00391207 916.458274986 1020.83639175 3035.48244345 454.28625072
1000.00391207 916.341774986 1020.83464457 3037.33244345 454.47125072
1000.00391207 916.225274986 1020.8328974 3039.18244345 454.65625072
1000.00391207 916.104460171 1020.83485393 3041.03244345 454.841435905
1000.00391207 915.987960171 1020.83300491 3042.88429531 455.02662109
1000.00391207 915.867145357 1020.83496144 3044.73429531 455.211806275
1000.00391207 915.750645357 1020.83321426 3046.58429531 455.396806275
1000.00391207 915.629830542 1020.83517079 3048.43429531 455.581806275
1000.00391207 915.513330542 1020.83342362 3050.28429531 455.766991461
1000.00391207 915.392515727 1020.83538015 3052.13429531 455.952176646
1000.00391207 915.276015727 1020.83353113 3053.98614716 456.137361831
1000.00391207 915.155200912 1020.83548766 3055.83614716 456.322361831
1000.00391207 915.038700912 1020.83374048 3057.68614716 456.507361831
1000.00391207 914.917886097 1020.83569701 3059.53614716 456.692547016
1000.00391207 914.801386097 1020.83394984 3061.38614716 456.877732202
1000.00391207 914.680571282 1020.83590637 3063.23614716 457.062732202
1000.00391207 914.564071282 1020.83405735 3065.08799901 457.247917387
1000.00391207 914.443256468 1020.83601388 3066.93799901 457.432917387
1000.00391207 914.326756468 1020.8342667 3068.78799901 457.618102572
1000.00391207 914.205941653 1020.83622323 3070.63799901 457.803287757
1000.00391207 914.089441653 1020.83447606 3072.48799901 457.988287757
1000.00391207 913.970784245 1020.83458074 3074.33799901 458.173287757
1000.00391207 913.852126838 1020.83458357 3076.18985086 458.358472943
1000.00391207 913.735626838 1020.83283639 3078.03985086 458.543658128
1000.00391207 913.614812023 1020.83479292 3079.88985086 458.728843313
1000.00391207 913.498312023 1020.83304575 3081.73985086 458.913843313
1000.00391207 913.377497208 1020.83500228 3083.58985086 459.098843313
1000.00391207 913.260997208 1020.8332551 3085.43985086 459.284028498
1000.00391207 913.140182393 1020.83510979 3087.29170271 459.469213683
1000.00391207 913.023682393 1020.83336261 3089.14170271 459.654398869
1000.00391207 912.902867579 1020.83531914 3090.99170271 459.839398869
1000.00391207 912.786367579 1020.83357197 3092.84170271 460.024398869
1000.00391207 912.665552764 1020.8355285 3094.69170271 460.209584054
1000.00391207 912.549052764 1020.83378132 3096.54170271 460.394769239
1000.00391207 912.428237949 1020.83563601 3098.39355456 460.579954424
1000.00391207 912.311737949 1020.83388883 3100.24355456 460.764954424
1000.00391207 912.190923134 1020.83584536 3102.09355456 460.949954424
1000.00391207 912.074423134 1020.83409819 3103.94355456 461.13513961
1000.00391207 911.953608319 1020.83605472 3105.79355456 461.320324795
1000.00391207 911.837108319 1020.83430754 3107.64355456 461.505324795
1000.00391207 911.716293505 1020.83616223 3109.49540642 461.69050998
1000.00391207 911.599793505 1020.83441505 3111.34540642 461.87550998
1000.00391207 911.47897869 1020.83637158 3113.19540642 462.060695165
1000.00391207 911.36247869 1020.83462441 3115.04540642 462.245880351
1000.00391207 911.24597869 1020.83287723 3116.89540642 462.430880351
1000.00391207 911.125163875 1020.83483376 3118.74540642 462.615880351
1000.00391207 911.008663875 1020.83298474 3120.59725827 462.801065536
1000.00391207 910.88784906 1020.83494127 3122.44725827 462.986250721
1000.00391207 910.77134906 1020.8331941 3124.29725827 463.171435906
1000.00391207 910.650534245 1020.83515063 3126.14725827 463.356435906
1000.00391207 910.534034245 1020.83340345 3127.99725827 463.541435906
1000.00391207 910.41321943 1020.83525814 3129.84911012 463.726621092
1000.00391207 910.29671943 1020.83351096 3131.69911012 463.911806277
1000.00391207 910.175904616 1020.83546749 3133.54911012 464.096991462
1000.00391207 910.059404616 1020.83372032 3135.39911012 464.281991462
1000.00391207 909.938589801 1020.83567685 3137.24911012 464.466991462
1000.00391207 909.822089801 1020.83392967 3139.09911012 464.652176647
1000.00391207 909.701274986 1020.83578436 3140.95096197 464.837361833
1000.00391207 909.584774986 1020.83403718 3142.80096197 465.022547018
1000.00391207 909.463960171 1020.83599371 3144.65096197 465.207547018
1000.00391207 909.347460171 1020.83424654 3146.50096197 465.392547018
1000.00391207 909.226645356 1020.83620307 3148.35096197 465.577732203
1000.00391207 909.110145356 1020.83445589 3150.20096197 465.762917388
1000.00391207 908.989330541 1020.83631058 3152.05281382 465.948102573
1000.00391207 908.872830541 1020.8345634 3153.90281382 466.133102574
1000.00391207 908.754173134 1020.83466808 3155.75281382 466.318102574
1000.00391207 908.635515727 1020.83477276 3157.60281382 466.503287759
1000.00391207 908.519015727 1020.83302558 3159.45281382 466.688472944
