LIT101 LIT301 LIT401 LS601 LS602
414.745808158 633.299901389 605.662071045 611.267665999 422.629519196
416.866919269 631.164068055 607.394370148 613.104703036 422.8132229
418.996548899 629.006660648 609.144372977 614.956554888 422.998408085
421.126178528 626.849253241 610.894579504 616.804703036 423.1832229
423.255808158 624.691845833 612.644582334 618.656554888 423.368408085
425.385437788 622.534438426 614.394788861 620.504703036 423.5532229
427.515067417 620.377031018 616.14479169 622.356554888 423.738408085
429.644697047 618.219623611 617.894794519 624.208406739 423.92359327
431.774326677 616.062216204 619.645001046 626.056554888 424.108408085
433.903956306 613.904808796 621.395003875 627.90840674 424.29359327
436.033585936 611.747401389 623.145210402 629.756554888 424.478408085
438.163215565 609.589993981 624.895213232 631.60840674 424.66359327
440.292845195 607.432586574 626.645216061 633.460258591 424.848778455
442.422474825 605.275179167 628.395422588 635.30840674 425.03359327
444.552104454 603.117771759 630.145425417 637.160258592 425.218778455
446.681734084 600.960364352 631.895631944 639.00840674 425.40359327
448.811363713 598.802956944 633.645634773 640.860258592 425.588778455
450.940993343 596.645549537 635.3958413 642.70840674 425.77359327
453.070622973 594.48814213 637.145844129 644.560258592 425.958778455
455.200252602 592.330734722 638.895846958 646.412110444 426.14396364
457.329882232 590.173327315 640.646053486 648.260258592 426.328778455
459.459511862 588.015919907 642.396056315 650.112110444 426.51396364
461.589141491 585.8585125 644.146262842 651.960258592 426.698778455
463.718771121 583.701105093 645.896265671 653.812110444 426.88396364
465.84840075 581.543697685 647.6462685 655.663962296 427.069148825
467.97803038 579.386290278 649.396475027 657.512110444 427.25396364
470.10766001 577.22888287 651.146477856 659.363962296 427.439148825
472.237289639 575.071475463 652.896684383 661.212110444 427.62396364
474.366919269 572.914068056 654.646687213 663.063962296 427.809148825
476.496548898 570.756660648 656.39689374 664.912110444 427.99396364
478.626178528 568.599253241 658.146896569 666.763962296 428.179148825
480.755808158 566.441845833 659.896899398 668.615814148 428.36433401
482.885437787 564.284438426 661.647105925 670.463962296 428.549148825
485.015067417 562.127031019 663.397108754 672.315814148 428.73433401
487.144697047 559.969623611 665.147315281 674.163962296 428.919148825
489.274326676 557.812216204 666.89731811 676.015814148 429.10433401
491.403956306 555.654808797 668.64732094 677.867666 429.289519196
493.533585936 555.646179167 668.553083022 679.715814148 427.666926603
495.663215565 555.646179167 668.451234 681.567666 426.000259936
497.792845195 555.646179167 668.349588675 683.415814148 424.333222899
499.922474825 555.646179167 668.247739652 685.267666 422.666556233
502.052104454 555.646179167 668.146094328 687.115814148 420.999889566
504.181734084 555.646179167 668.044245305 688.967666 419.333222899
506.311363713 555.646179167 667.942396282 690.819517852 419.140630307
508.440993343 555.646179167 667.840750958 692.667666 419.325815492
510.570622973 555.646179167 667.738901935 694.519517852 419.511000677
512.700252602 555.646179167 667.637256611 696.367666 419.695815492
514.829882232 555.646179167 667.535407588 698.219517852 419.881000677
516.959511862 555.646179167 667.433558565 700.071369704 420.066185862
519.089141491 554.360364352 668.435616944 701.919517852 420.251000677
521.218771121 552.202956945 670.185619773 703.771369704 420.436185862
523.348400751 550.045549537 671.935826301 705.619517852 420.621371047
525.47803038 547.88814213 673.68582913 707.471369704 420.806556232
527.60766001 545.730734723 675.436035657 709.319517852 420.991741418
529.73728964 543.573327315 677.186038486 711.171369704 421.176926603
531.866919269 541.415919908 678.936041315 713.023221556 421.362111788
533.996548899 539.2585125 680.686247842 714.871369704 421.546926603
536.126178529 537.101105093 682.436250671 716.723221556 421.732111788
538.255808158 534.943697686 684.186457198 718.571369704 421.916926603
540.385437788 532.786290278 685.936460027 720.423221556 422.102111788
542.515067418 530.628882871 687.686462857 722.275073408 422.287296973
544.644697047 528.471475463 689.436669384 724.123221556 422.472482158
546.774326677 526.314068056 691.186672213 725.975073408 422.657667343
548.903956307 524.156660649 692.93687874 727.823221556 422.842852529
551.033585936 521.999253241 694.686881569 729.675073408 423.028037714
553.163215566 519.841845834 696.437088096 731.523221556 423.212852528
555.292845196 517.684438426 698.187090925 733.375073408 423.398037714
557.422474825 515.527031019 699.937093754 735.22692526 423.583222899
559.552104455 513.369623612 701.687300282 737.075073408 423.768037714
561.681734085 511.212216204 703.437303111 738.92692526 423.953222899
563.811363714 509.054808797 705.187509638 740.775073408 424.138408084
565.940993344 506.89740139 706.937512467 742.62692526 424.323593269
568.070622974 504.739993982 708.687515296 744.478777112 424.508778454
570.200252603 502.582586575 710.437721823 746.32692526 424.693963639
572.329882233 500.425179167 712.187724652 748.178777112 424.879148825
574.459511863 498.26777176 713.937931179 750.02692526 425.063963639
576.589141492 496.110364353 715.687934009 751.878777112 425.249148825
578.718771122 493.952956945 717.438140536 753.72692526 425.433963639
580.848400752 491.795549538 719.188143365 755.578777112 425.619148825
582.612104455 489.934438427 720.938146194 757.430628964 425.80433401
582.454697048 489.628882871 722.688352721 759.278777112 425.989519195
582.297289641 489.323327316 724.43835555 761.130628964 426.17470438
582.139882233 489.01777176 726.188562077 762.978777112 426.359889565
581.982474826 488.712216204 727.938564906 764.830628964 426.54507475
581.825067418 488.406660649 729.688567735 766.682480816 426.730259935
581.667660011 490.249882871 729.594329818 768.530628964 425.107667343
581.510252604 492.101734723 729.492480796 770.382480816 423.441000676
581.352845196 493.953586575 729.390835471 772.230628964 421.773963639
581.195437789 495.805438427 729.288986448 774.082480816 420.107296973
581.038030382 497.657290278 729.187137426 775.934332668 418.440630306
580.880622974 499.50914213 729.085492101 777.782480816 416.773963639
580.723215567 501.360993982 728.983643078 779.634332668 416.581371047
580.56580816 503.212845834 728.881997754 781.482480816 416.766556232
580.408400752 505.064697686 728.780148731 783.334332668 416.951741417
580.250993345 506.916549538 728.678503407 785.182480816 417.136556232
580.093585938 508.768401389 728.576654384 787.034332668 417.321741417
579.93617853 510.620253241 728.474805361 788.88618452 417.506926602
579.778771123 511.186290278 729.47686374 790.734332668 417.691741417
579.621363715 510.880734723 731.226866569 792.58618452 417.876926602
579.463956308 510.575179167 732.977073096 794.434332668 418.062111787
579.306548901 510.269623611 734.727075926 796.28618452 418.247296972
579.149141493 509.964068056 736.477078755 798.138036372 418.432482158
578.991734086 509.6585125 738.227285282 799.98618452 418.617667343
578.834326679 509.352956945 739.977288111 801.838036372 418.802852528
578.676919271 509.047401389 741.727494638 803.68618452 418.987667343
578.519511864 508.741845834 743.477497467 805.538036372 419.172852528
578.362104457 508.436290278 745.227703994 807.38618452 419.357667343
578.204697049 508.130734723 746.977706823 809.238036372 419.542852528
578.047289642 507.825179167 748.727709653 811.089888224 419.728037713
577.889882235 507.519623611 750.47791618 812.938036372 419.913222898
577.732474827 507.214068056 752.227919009 814.789888224 420.098408083
577.57506742 506.9085125 753.978125536 816.638036372 420.283593268
577.417660012 506.602956945 755.728128365 818.489888224 420.468778454
577.260252605 506.297401389 757.478131194 820.341740076 420.653963639
577.102845198 505.991845834 759.228337721 822.189888224 420.838778453
576.94543779 505.686290278 760.97834055 824.041740076 421.023963639
576.788030383 505.380734722 762.728547077 825.889888224 421.208778453
576.630622975 505.075179167 764.478549907 827.741740076 421.393963639
576.473215568 504.769623611 766.228756434 829.589888224 421.579148824
576.315808161 504.464068056 767.978759263 831.441740076 421.764334009
576.158400753 504.1585125 769.728762092 833.293591928 421.949519194
576.000993346 503.852956945 771.478968619 835.141740076 422.134704379
575.843585938 503.547401389 773.228971448 836.993591928 422.319889565
575.686178531 503.241845833 774.979177975 838.841740076 422.504704379
575.528771124 502.936290278 776.729180804 840.693591928 422.689889565
575.371363716 502.630734722 778.479183634 842.54544378 422.87507475
575.213956309 502.325179167 780.229390161 844.393591928 423.059889564
575.056548901 502.019623611 781.97939299 846.24544378 423.24507475
574.899141494 501.714068056 783.729599517 848.093591928 423.430259935
574.741734086 501.4085125 785.479602346 849.94544378 423.61544512
574.584326679 501.102956944 787.229808873 851.793591928 423.800630305
574.426919272 500.797401389 788.979811702 853.64544378 423.98581549
574.269511864 500.491845833 790.729814531 855.497295632 424.171000675
574.112104457 502.335068056 790.635576614 857.34544378 422.548408083
573.954697049 504.186919907 790.533727591 859.197295632 420.881741416
573.797289642 506.038771759 790.432082267 861.04544378 419.214704379
573.639882235 507.890623611 790.330233244 862.897295632 417.548037712
573.482474827 509.742475463 790.228384222 864.749147484 415.881371046
573.32506742 511.594327315 790.126738897 866.597295632 414.214704379
573.167660013 513.446179167 790.024889874 868.449147484 414.022111787
573.010252605 515.298031018 789.92324455 870.297295632 414.207296972
572.852845198 517.14988287 789.821395527 872.149147484 414.392482157
572.695437791 519.001734722 789.719750202 873.997295632 414.577296972
572.538030383 520.853586574 789.61790118 875.849147484 414.762482157
572.380622976 522.705438426 789.516052157 877.700999336 414.947667342
572.223215569 523.271475463 790.518110536 879.549147484 415.132482157
572.065808161 522.965919908 792.268113365 881.400999336 415.317667342
571.908400754 522.660364352 794.018319892 883.249147484 415.502852527
571.750993346 522.354808797 795.768322722 885.100999336 415.688037712
571.593585939 522.049253241 797.518325551 886.952851188 415.873222897
571.436178532 521.743697686 799.268532078 888.800999336 416.058408083
571.278771124 521.43814213 801.018534907 890.652851188 416.243593268
571.121363717 521.132586575 802.768741434 892.500999336 416.428408082
570.963956309 520.827031019 804.518744263 894.352851188 416.613593268
570.806548902 520.521475464 806.26895079 896.200999336 416.798408082
570.649141495 520.215919908 808.018953619 898.052851188 416.983593268
570.491734087 519.910364353 809.768956448 899.90470304 417.168778453
570.33432668 519.604808797 811.519162976 901.752851188 417.353963638
570.176919273 519.299253242 813.269165805 903.60470304 417.539148823
570.019511865 518.993697686 815.019372332 905.452851188 417.724334008
569.862104458 518.688142131 816.769375161 907.30470304 417.909519193
569.704697051 518.382586575 818.51937799 909.156554892 418.094704379
569.547289643 518.07703102 820.269584517 911.00470304 418.279519193
569.389882236 517.771475464 822.019587346 912.856554892 418.464704378
569.232474829 517.465919909 823.769793873 914.70470304 418.649519193
569.075067421 517.160364353 825.519796702 916.556554892 418.834704378
568.917660014 516.854808798 827.269799532 918.408406744 419.019889564
568.760252606 516.549253242 829.020006059 920.256554892 419.205074749
568.602845199 516.243697687 830.770008888 922.108406744 419.390259934
568.445437792 515.938142131 832.520215415 923.956554892 419.575445119
568.288030384 515.632586576 834.270218244 925.808406744 419.760630304
568.130622977 515.32703102 836.020424771 927.656554892 419.945445119
567.97321557 515.021475465 837.7704276 929.508406744 420.130630304
567.815808162 514.715919909 839.52043043 931.360258596 420.315815489
567.658400755 514.410364353 841.270636957 933.208406744 420.500630304
567.500993348 514.104808798 843.020639786 935.060258596 420.685815489
567.34358594 513.799253242 844.770846313 936.908406744 420.871000675
567.186178533 513.493697687 846.520849142 938.760258596 421.05618586
567.028771126 513.188142131 848.270851971 940.612110448 421.241371045
566.871363718 512.882586576 850.021058498 942.460258596 421.42655623
566.713956311 512.57703102 851.771061327 944.312110448 421.611741415
566.556548903 514.420253242 851.67682341 946.160258596 419.989148823
566.399141496 516.272105094 851.574974387 948.012110448 418.322482156
566.241734089 518.123956946 851.473329063 949.860258596 416.655445119
566.084326681 519.975808798 851.37148004 951.712110448 414.988778452
565.926919274 521.82766065 851.269631017 953.5639623 413.322111786
565.769511867 523.679512502 851.167985693 955.412110448 411.655445119
565.612104459 525.531364354 851.06613667 957.2639623 411.462852526
565.454697052 527.383216206 850.964491346 959.112110448 411.648037712
565.297289645 529.235068057 850.862642323 960.9639623 411.833222897
565.139882237 531.086919909 850.7607933 962.815814152 412.018408082
564.98247483 532.938771761 850.659147976 964.6639623 412.203222897
564.825067423 534.790623613 850.557298953 966.515814152 412.388408082
564.667660015 535.35666065 851.559357332 968.3639623 412.573222897
564.510252608 535.051105095 853.309360161 970.215814152 412.758408082
564.3528452 534.745549539 855.059566688 972.063962301 412.943593267
564.195437793 534.439993984 856.809569517 973.915814152 413.128778452
564.038030386 534.134438428 858.559572347 975.767666004 413.313963637
563.880622978 533.828882872 860.309778874 977.615814152 413.499148823
563.723215571 533.523327317 862.059781703 979.467666004 413.684334008
563.565808164 533.217771761 863.80998823 981.315814153 413.869148823
563.408400756 532.912216206 865.559991059 983.167666004 414.054334008
563.250993349 532.60666065 867.309993888 985.019517856 414.239519193
563.093585942 532.301105095 869.060200415 986.867666004 414.424334008
562.936178534 531.995549539 870.810203244 988.719517856 414.609519193
562.778771127 531.689993984 872.560409772 990.567666005 414.794704378
562.62136372 531.384438428 874.310412601 992.419517856 414.979889563
562.463956312 531.078882873 876.060619128 994.267666005 415.165074748
562.306548905 530.773327317 877.810621957 996.119517856 415.350259934
562.149141497 530.467771762 879.560624786 997.971369708 415.535445119
561.99173409 530.162216206 881.310831313 999.819517857 415.720259934
561.834326683 529.85666065 883.060834142 1001.67136971 415.905445119
561.676919275 529.551105095 884.811040669 1003.51951786 416.090259934
561.519511868 529.245549539 886.561043498 1005.37136971 416.275445119
561.362104461 528.939993984 888.311046327 1007.22322156 416.460630304
561.204697053 528.634438428 890.061252855 1009.07136971 416.645815489
561.047289646 528.328882873 891.811255684 1010.92322156 416.831000674
560.889882239 528.023327317 893.561462211 1012.77136971 417.016185859
560.732474831 527.717771762 895.31146504 1014.62322156 417.201371044
560.575067424 527.412216206 897.061671567 1016.47136971 417.386185859
560.417660017 527.106660651 898.811674396 1018.32322156 417.571371044
560.260252609 526.801105095 900.561677225 1020.17507341 417.75655623
560.102845202 526.495549539 902.311883752 1022.02322156 417.941371044
559.945437794 526.189993984 904.061886582 1023.87507341 418.12655623
559.788030387 525.884438428 905.812093109 1025.72322156 418.311741415
559.63062298 525.578882873 907.562095938 1027.57507341 418.4969266
559.473215572 525.273327317 909.312098767 1029.42692526 418.682111785
559.315808165 524.967771762 911.062305294 1031.27507341 418.86729697
559.158400758 524.662216206 912.812308123 1033.12692526 419.052482155
559.00099335 526.505438428 912.718070206 1034.97507341 417.429889563
558.843585943 528.35729028 912.616221183 1036.82692526 415.763222896
558.686178536 530.209142132 912.514575859 1038.67507341 414.096185859
558.528771128 532.060993984 912.412726836 1040.52692526 412.429519192
558.371363721 533.912845836 912.310877813 1042.37877712 410.762852526
558.213956314 535.764697688 912.209232489 1044.22692526 409.096185859
558.056548906 537.61654954 912.107383466 1046.07877712 408.903593266
557.899141499 539.468401392 912.005738142 1047.92692526 409.088778452
557.741734091 541.320253244 911.903889119 1049.77877712 409.273963637
557.584326684 543.172105095 911.802040096 1051.63062897 409.459148822
557.426919277 545.023956947 911.700394772 1053.47877712 409.643963637
557.269511869 546.875808799 911.598545749 1055.33062897 409.829148822
557.112104462 547.441845836 912.600604128 1057.17877712 410.013963637
556.954697055 547.136290281 914.350606957 1059.03062897 410.199148822
556.797289647 546.830734725 916.100609786 1060.88248082 410.384334007
556.63988224 546.52517917 917.850816313 1062.73062897 410.569519192
556.482474833 546.219623614 919.600819143 1064.58248082 410.754704377
556.325067425 545.914068059 921.35102567 1066.43062897 410.939889562
556.167660018 545.608512503 923.101028499 1068.28248082 411.125074748
556.010252611 545.302956948 924.851235026 1070.13062897 411.309889562
555.852845203 544.997401392 926.601237855 1071.98248082 411.495074748
555.695437796 544.691845837 928.351240684 1073.83433267 411.680259933
555.538030388 544.386290281 930.101447211 1075.68248082 411.865074748
555.380622981 544.080734726 931.85145004 1077.53433267 412.050259933
555.223215574 543.77517917 933.601656568 1079.38248082 412.235445118
555.065808166 543.469623615 935.351659397 1081.23433267 412.420630303
554.908400759 543.164068059 937.101662226 1083.08618452 412.605815488
554.750993352 542.858512504 938.851868753 1084.93433267 412.791000673
554.593585944 542.552956948 940.601871582 1086.78618452 412.976185858
554.436178537 542.247401393 942.352078109 1088.63433267 413.161000673
554.27877113 541.941845837 944.102080938 1090.48618452 413.346185858
554.121363722 541.636290282 945.852287465 1092.33433267 413.531000673
553.963956315 541.330734726 947.602290294 1094.18618452 413.716185858
553.806548908 541.025179171 949.352293123 1096.03803637 413.901371044
553.6491415 540.719623615 951.10249965 1097.88618452 414.086556229
553.491734093 540.41406806 952.852502479 1099.73803637 414.271741414
553.334326685 540.108512504 954.602709007 1101.58618452 414.456926599
553.176919278 539.802956949 956.352711836 1103.43803637 414.642111784
553.019511871 539.497401393 958.102714665 1105.28988822 414.827296969
552.862104463 539.191845838 959.852921192 1107.13803637 415.012111784
552.704697056 538.886290282 961.602924021 1108.98988822 415.197296969
552.547289649 538.580734727 963.353130548 1110.83803637 415.382111784
552.389882241 538.275179171 965.103133377 1112.68988822 415.567296969
552.232474834 537.969623616 966.853339904 1114.53803637 415.752482154
552.075067427 537.66406806 968.603342733 1116.38988822 415.93766734
551.917660019 537.358512505 970.353345563 1118.24174007 416.122852525
551.760252612 537.052956949 972.10355209 1120.08988822 416.30803771
551.602845205 536.747401394 973.853554919 1121.94174007 416.493222895
551.445437797 538.590623616 973.759317002 1123.78988822 414.870630302
551.28803039 540.442475468 973.657467979 1125.64174007 413.203963636
551.130622982 542.29432732 973.555618956 1127.49359192 411.537296969
550.973215575 544.146179172 973.453973632 1129.34174007 409.870259932
550.815808168 545.998031024 973.352124609 1131.19359192 408.203593265
550.65840076 547.849882876 973.250479284 1133.04174007 406.536926599
550.500993353 549.701734728 973.148630262 1134.89359192 406.344334006
550.343585946 551.553586579 973.046984937 1136.74174007 406.529519191
550.186178538 553.405438431 972.945135915 1138.59359192 406.714704376
550.028771131 555.257290283 972.843286892 1140.44544378 406.899889562
549.871363724 557.109142135 972.741641567 1142.29359192 407.084704376
549.713956316 558.960993987 972.639792545 1144.14544378 407.269889562
549.556548909 559.527031024 973.641850924 1145.99359192 407.454704376
549.399141502 559.221475469 975.391853753 1147.84544378 407.639889562
549.241734094 558.915919913 977.141856582 1149.69729563 407.825074747
549.084326687 558.610364358 978.892063109 1151.54544378 408.010259932
548.926919279 558.304808802 980.642065938 1153.39729563 408.195445117
548.769511872 557.999253247 982.392272465 1155.24544378 408.380630302
548.612104465 557.693697691 984.142275294 1157.09729563 408.565815487
548.454697057 557.388142136 985.892481822 1158.94544378 408.750630302
548.29728965 557.08258658 987.642484651 1160.79729563 408.935815487
548.139882243 556.777031025 989.39248748 1162.64914748 409.121000672
547.982474835 556.471475469 991.142694007 1164.49729563 409.305815487
547.825067428 556.165919914 992.892696836 1166.34914748 409.491000672
547.667660021 555.860364358 994.642903363 1168.19729563 409.676185858
547.510252613 555.554808803 996.392906192 1170.04914748 409.861371043
547.352845206 555.249253247 998.142909021 1171.90099933 410.046556228
547.195437798 554.943697692 999.893115549 1173.74914748 410.231741413
547.038030391 554.638142136 1001.64311838 1175.60099933 410.416926598
546.880622984 554.332586581 1003.3933249 1177.44914748 410.601741413
546.723215576 554.027031025 1005.14332773 1179.30099933 410.786926598
546.565808169 553.72147547 1006.89353426 1181.14914748 410.971741413
546.408400762 553.415919914 1008.64353709 1183.00099933 411.156926598
546.250993354 553.110364359 1010.39353992 1184.85285118 411.342111783
546.093585947 552.804808803 1012.14374645 1186.70099933 411.527296968
545.93617854 552.499253248 1013.89374928 1188.55285118 411.712482154
545.778771132 552.193697692 1015.6439558 1190.40099933 411.897667339
545.621363725 551.888142137 1017.39395863 1192.25285118 412.082852524
545.463956318 551.582586581 1019.14396146 1194.10470303 412.268037709
545.30654891 551.346068063 1020.83490873 1195.95285118 412.452852524
545.149141503 553.0771051 1020.83676341 1197.80470303 412.638037709
544.991734095 554.808142137 1020.83882179 1199.65285118 412.822852524
544.834326688 556.547808804 1020.83326906 1201.50470303 413.008037709
544.676919281 558.278845841 1020.83512374 1203.35655489 413.193222894
544.519511873 560.009882878 1020.83718212 1205.20470303 413.378408079
544.362104466 561.740919915 1020.8390368 1207.05655489 413.563593264
544.204697059 563.480586582 1020.83368778 1208.90470303 413.74877845
544.047289651 565.211623619 1020.83554246 1210.75655489 413.933963635
543.889882244 566.942660656 1020.83760084 1212.60470303 414.11877845
543.732474837 568.673697693 1020.83945552 1214.45655489 414.303963635
543.575067429 570.41336436 1020.83390279 1216.30840674 414.48914882
543.417660022 572.144401397 1020.83596117 1218.15655489 414.673963635
543.260252615 573.875438434 1020.83781585 1220.00840674 414.85914882
543.102845207 575.6151051 1020.83246682 1221.85655489 415.044334005
542.9454378 577.346142138 1020.8343215 1223.70840674 415.22951919
542.788030392 579.077179175 1020.83617618 1225.56025859 415.414704375
542.630622985 580.808216212 1020.83823456 1227.40840674 415.59988956
542.473215578 582.547882878 1020.83268184 1229.26025859 415.785074746
542.31580817 584.278919915 1020.83474022 1231.10840674 415.96988956
542.158400763 586.009956953 1020.8365949 1232.96025859 416.155074746
542.000993356 587.74099399 1020.83865328 1234.80840674 416.33988956
541.843585948 589.480660656 1020.83310055 1236.66025859 416.525074746
541.686178541 591.211697693 1020.83495523 1238.51211044 416.710259931
541.528771134 592.94273473 1020.83701361 1240.36025859 416.895445116
541.371363726 594.673771767 1020.83886829 1242.21211044 417.080630301
541.213956319 596.413438434 1020.83351926 1244.06025859 417.265815486
541.056548912 598.144475471 1020.83537394 1245.91211044 417.451000671
540.899141504 599.875512508 1020.83722862 1247.76396229 417.636185856
540.741734097 601.606549545 1020.839287 1249.61211044 417.821000671
540.584326689 603.346216212 1020.83373428 1251.46396229 418.006185856
540.426919282 605.077253249 1020.83579266 1253.31211044 418.191000671
540.269511875 606.808290286 1020.83764734 1255.16396229 418.376185856
540.112104467 608.543642138 1020.83600201 1257.01211044 418.561371042
539.95469706 610.27899399 1020.83415299 1258.86396229 418.746556227
539.797289653 612.010031027 1020.83600767 1260.71581414 418.931741412
539.639882245 613.741068064 1020.83806605 1262.56396229 419.116926597
539.482474838 615.480734731 1020.83251332 1264.41581414 419.302111782
539.325067431 617.211771768 1020.8345717 1266.26396229 419.486926597
539.167660023 618.942808805 1020.83642638 1268.11581414 419.672111782
539.010252616 620.673845842 1020.83828107 1269.967666 419.857296967
538.852845209 622.413512509 1020.83293204 1271.81581414 420.042111782
538.695437801 624.144549546 1020.83478672 1273.667666 420.227296967
538.538030394 625.875586583 1020.8368451 1275.51581414 420.412482152
538.380622986 627.60662362 1020.83869978 1277.367666 420.597667338
538.223215579 629.346290287 1020.83335075 1279.21581414 420.782852523
538.065808172 631.077327324 1020.83520543 1281.067666 420.968037708
537.908400764 632.808364361 1020.83706011 1282.91951785 421.153222893
537.750993357 634.539401398 1020.83911849 1284.767666 421.338037708
537.59358595 636.279068065 1020.83356576 1286.61951785 421.523222893
537.436178542 638.010105102 1020.83562414 1288.467666 421.708037708
537.278771135 639.741142139 1020.83747882 1290.31951785 421.893222893
537.121363728 641.472179176 1020.83933351 1292.1713697 422.078408078
536.96395632 643.211845842 1020.83398448 1294.01951785 422.263593263
536.806548913 644.94288288 1020.83583916 1295.8713697 422.448778448
536.649141506 646.673919917 1020.83789754 1297.71951785 422.633963634
536.491734098 648.413586583 1020.83234481 1299.5713697 422.819148819
536.334326691 650.14462362 1020.83440319 1301.41951785 423.003963634
536.176919283 651.875660657 1020.83625787 1303.2713697 423.189148819
536.019511876 653.606697695 1020.83811255 1305.12322155 423.374334004
535.862104469 655.346364361 1020.83276352 1306.9713697 423.559148819
535.704697061 657.077401398 1020.83461821 1308.82322155 423.744334004
535.547289654 658.808438435 1020.83667658 1310.6713697 423.929519189
535.389882247 660.539475472 1020.83853127 1312.52322155 424.114704374
535.232474839 662.279142139 1020.83297854 1314.3750734 424.299889559
535.075067432 664.010179176 1020.83503692 1316.22322155 424.485074744
534.917660025 665.741216213 1020.8368916 1318.0750734 424.67025993
534.760252617 667.47225325 1020.83894998 1319.92322155 424.855074744
534.60284521 669.211919917 1020.83339725 1321.7750734 425.04025993
534.445437803 670.942956954 1020.83545563 1323.62322155 425.225074744
534.288030395 672.673993991 1020.83731031 1325.4750734 425.410259929
534.130622988 674.405031028 1020.83916499 1327.32692525 425.595445115
533.97321558 676.144697695 1020.83381596 1329.1750734 425.7806303
533.815808173 677.875734732 1020.83567065 1331.02692525 425.965815485
533.658400766 679.606771769 1020.83772902 1332.8750734 426.15100067
533.500993358 681.342123621 1020.83588 1334.72692525 426.336185855
533.343585951 683.077475473 1020.83403098 1336.57877711 426.52137104
533.186178544 684.80851251 1020.83608936 1338.42692525 426.706185855
533.028771136 686.539549547 1020.83794404 1340.2787771 426.89137104
532.871363729 688.279216214 1020.83259501 1342.12692525 427.076185855
532.713956322 690.010253251 1020.83444969 1343.9787771 427.26137104
532.556548914 691.741290288 1020.83650807 1345.82692525 427.446556225
532.399141507 693.472327325 1020.83836275 1347.6787771 427.631741411
532.2417341 695.211993992 1020.83281003 1349.53062896 427.816926596
532.084326692 696.943031029 1020.83486841 1351.3787771 428.002111781
531.926919285 698.674068066 1020.83672309 1353.23062896 428.187296966
531.769511877 700.405105103 1020.83878147 1355.0787771 428.372111781
531.61210447 702.144771769 1020.83322874 1356.93062896 428.557296966
531.454697063 703.875808807 1020.83508342 1358.78248081 428.742482151
531.297289655 705.606845844 1020.8371418 1360.63062896 428.927296966
531.139882248 707.337882881 1020.83899648 1362.48248081 429.112482151
530.982474841 709.077549547 1020.83364745 1364.33062896 429.297667336
530.825067433 710.808586584 1020.83550213 1366.18248081 429.482852522
530.667660026 712.539623622 1020.83735681 1368.03433266 429.668037707
530.510252619 714.270660659 1020.83941519 1369.88248081 429.853222892
530.352845211 716.010327325 1020.83386247 1371.73433266 430.038408077
530.195437804 717.741364362 1020.83592085 1373.58248081 430.223222892
530.038030397 719.472401399 1020.83777553 1375.43433266 430.408408077
529.880622989 721.212068066 1020.8324265 1377.28248081 430.593222892
529.723215582 722.943105103 1020.83428118 1379.13433266 430.778408077
529.565808174 724.67414214 1020.83613586 1380.98618451 430.963593262
529.408400767 726.405179177 1020.83819424 1382.83433266 431.148778447
529.25099336 728.144845844 1020.83264151 1384.68618451 431.333963632
529.093585952 729.875882881 1020.83469989 1386.53433266 431.519148818
528.936178545 731.606919918 1020.83655457 1388.38618451 431.704334003
528.778771138 733.337956955 1020.83840925 1390.23803636 431.889519188
528.62136373 735.077623622 1020.83306023 1392.08618451 432.074334003
528.463956323 736.808660659 1020.83491491 1393.93803636 432.259519188
528.306548916 738.539697696 1020.83697329 1395.78618451 432.444334003
528.149141508 740.270734733 1020.83882797 1397.63803636 432.629519188
527.991734101 742.0104014 1020.83347894 1399.48618451 432.814704373
527.834326694 743.741438437 1020.83533362 1401.33803636 432.999889558
527.676919286 745.472475474 1020.8371883 1403.18988821 433.185074743
527.519511879 747.203512511 1020.83924668 1405.03803636 433.370259928
527.362104471 748.943179178 1020.83369395 1406.88988821 433.555445114
527.204697064 750.674216215 1020.83575233 1408.73803636 433.740259928
527.047289657 752.405253252 1020.83760701 1410.58988821 433.925445113
526.889882249 754.136290289 1020.83946169 1412.44174006 434.110630299
526.732474842 755.875956956 1020.83411267 1414.28988821 434.295445113
526.575067435 757.606993993 1020.83596735 1416.14174006 434.480630299
526.417660027 759.33803103 1020.83802573 1417.98988821 434.665815484
526.26025262 761.077697696 1020.832473 1419.84174006 434.851000669
526.102845213 762.808734734 1020.83453138 1421.68988821 435.036185854
525.945437805 764.539771771 1020.83638606 1423.54174006 435.221371039
525.788030398 766.270808808 1020.83824074 1425.39359191 435.406556224
525.630622991 768.010475474 1020.83289171 1427.24174006 435.591371039
525.473215583 769.741512511 1020.83474639 1429.09359191 435.776556224
525.315808176 771.472549549 1020.83680477 1430.94174006 435.961371039
525.158400768 773.203586586 1020.83865945 1432.79359191 436.146556224
525.000993361 774.943253252 1020.83310673 1434.64544376 436.331741409
524.843585954 776.674290289 1020.83516511 1436.49359191 436.516926595
524.686178546 778.405327326 1020.83701979 1438.34544376 436.70211178
524.528771139 780.136364364 1020.83907817 1440.19359191 436.887296965
524.371363732 781.87603103 1020.83352544 1442.04544376 437.07248215
524.213956324 783.607068067 1020.83558382 1443.89359191 437.257296965
524.056548917 785.338105104 1020.8374385 1445.74544376 437.44248215
523.89914151 787.069142141 1020.83929318 1447.59729562 437.627667335
523.741734102 788.808808808 1020.83394415 1449.44544376 437.81248215
523.584326695 790.539845845 1020.83579883 1451.29729562 437.997667335
523.426919288 792.270882882 1020.83785721 1453.14544376 438.18285252
523.26951188 794.006234734 1020.83600819 1454.99729562 438.368037705
523.112104473 795.741586586 1020.83415917 1456.84914747 438.553222891
522.954697065 797.472623623 1020.83621755 1458.69729561 438.738408076
522.797289658 799.20366066 1020.83807223 1460.54914747 438.923593261
522.639882251 800.943327327 1020.8327232 1462.39729561 439.108408076
522.482474843 802.674364364 1020.83457788 1464.24914747 439.293593261
522.325067436 804.405401401 1020.83663626 1466.09729561 439.478408076
522.167660029 806.136438438 1020.83849094 1467.94914747 439.663593261
522.010252621 807.876105105 1020.83293822 1469.80099932 439.848778446
521.852845214 809.607142142 1020.83499659 1471.64914747 440.033963631
521.695437807 811.338179179 1020.83685128 1473.50099932 440.219148816
521.538030399 813.069216216 1020.83890965 1475.34914747 440.404334001
521.380622992 814.808882883 1020.83335693 1477.20099932 440.589519187
521.223215585 816.53991992 1020.83521161 1479.05285117 440.774704372
521.065808177 818.270956957 1020.83726999 1480.90099932 440.959519187
520.90840077 820.001993994 1020.83912467 1482.75285117 441.144704372
520.750993362 821.741660661 1020.83377564 1484.60099932 441.329519187
520.593585955 823.472697698 1020.83563032 1486.45285117 441.514704372
520.436178548 825.203734735 1020.8376887 1488.30099932 441.699889557
520.27877114 826.939086587 1020.83583968 1490.15285117 441.885074742
520.121363733 828.674438438 1020.83399066 1492.00470302 442.070259927
519.963956326 830.405475476 1020.83604903 1493.85285117 442.255445112
519.806548918 832.136512513 1020.83790372 1495.70470302 442.440630298
519.649141511 833.876179179 1020.83255469 1497.55285117 442.625445112
519.491734104 835.607216216 1020.83440937 1499.40470302 442.810630297
519.334326696 837.338253253 1020.83626405 1501.25655487 442.995815483
519.176919289 839.069290291 1020.83832243 1503.10470302 443.180630297
519.019511882 840.808956957 1020.8327697 1504.95655487 443.365815483
518.862104474 842.539993994 1020.83482808 1506.80470302 443.551000668
518.704697067 844.271031031 1020.83668276 1508.65655487 443.736185853
518.547289659 846.002068068 1020.83853744 1510.50840672 443.921371038
518.389882252 847.741734735 1020.83318842 1512.35655487 444.106556223
518.232474845 849.472771772 1020.8350431 1514.20840672 444.291741408
518.075067437 851.203808809 1020.83710148 1516.05655487 444.476556223
517.91766003 852.934845846 1020.83895616 1517.90840672 444.661741408
517.760252623 854.674512513 1020.83360713 1519.75655487 444.846556223
517.602845215 856.40554955 1020.83546181 1521.60840672 445.031741408
517.445437808 858.136586587 1020.83731649 1523.46025857 445.216926593
517.288030401 859.867623624 1020.83937487 1525.30840672 445.402111779
517.130622993 861.607290291 1020.83382214 1527.16025857 445.587296964
516.973215586 863.338327328 1020.83588052 1529.00840672 445.772482149
516.815808179 865.069364365 1020.8377352 1530.86025857 445.957667334
516.658400771 866.804716217 1020.83588618 1532.71211042 446.142852519
516.500993364 868.540068069 1020.83424086 1534.56025857 446.327667334
516.343585956 870.271105106 1020.83609554 1536.41211042 446.512852519
516.186178549 872.002142143 1020.83815392 1538.26025857 446.697667334
516.028771142 873.74180881 1020.83260119 1540.11211042 446.882852519
515.871363734 875.472845847 1020.83465957 1541.96025857 447.068037704
515.713956327 877.203882884 1020.83651425 1543.81211042 447.253222889
515.55654892 878.934919921 1020.83836893 1545.66396228 447.438408075
515.399141512 880.674586588 1020.8330199 1547.51211042 447.62359326
515.241734105 882.405623625 1020.83487458 1549.36396227 447.808778445
515.084326698 884.136660662 1020.83693296 1551.21211042 447.99359326
514.92691929 885.867697699 1020.83878764 1553.06396227 448.178778445
514.769511883 887.607364366 1020.83323492 1554.91581413 448.36396363
514.612104476 889.338401403 1020.8352933 1556.76396227 448.548778445
514.454697068 891.06943844 1020.83714798 1558.61581413 448.73396363
514.297289661 892.800475477 1020.83920636 1560.46396227 448.919148815
514.139882253 894.540142143 1020.83365363 1562.31581413 449.104334
513.982474846 896.27117918 1020.83571201 1564.16396227 449.289519185
513.825067439 898.002216218 1020.83756669 1566.01581413 449.474704371
513.667660031 899.733253255 1020.83942137 1567.86766598 449.659889556
513.510252624 901.472919921 1020.83407234 1569.71581413 449.844704371
513.352845217 903.203956958 1020.83592702 1571.56766598 450.029889556
513.195437809 904.934993995 1020.8379854 1573.41581413 450.214704371
513.038030402 906.674660662 1020.83243268 1575.26766598 450.399889556
512.880622995 908.405697699 1020.83428736 1577.11951783 450.585074741
512.723215587 910.136734736 1020.83634574 1578.96766598 450.770259926
512.56580818 911.867771773 1020.83820042 1580.81951783 450.955445111
512.408400773 913.60743844 1020.83285139 1582.66766598 451.140630296
512.250993365 915.338475477 1020.83470607 1584.51951783 451.325815481
512.093585958 917.069512514 1020.83676445 1586.36766598 451.510630296
511.93617855 918.800549551 1020.83861913 1588.21951783 451.695815481
511.778771143 920.540216218 1020.8330664 1590.07136968 451.881000667
511.621363736 922.271253255 1020.83512478 1591.91951783 452.065815481
511.463956328 924.002290292 1020.83697946 1593.77136968 452.251000667
511.306548921 925.733327329 1020.83903784 1595.61951783 452.436185852
511.149141513 927.472993996 1020.83348512 1597.47136968 452.621371037
510.991734106 929.204031033 1020.8353398 1599.32322153 452.806556222
510.834326698 930.93506807 1020.83739818 1601.17136968 452.991741407
510.676919291 932.666105107 1020.83925286 1603.02322153 453.176926592
510.519511883 934.405771774 1020.83390383 1604.87136968 453.361741407
510.362104476 936.136808811 1020.83575851 1606.72322153 453.546926592
510.204697069 937.867845848 1020.83781689 1608.57136968 453.731741407
510.047289661 939.6031977 1020.83596787 1610.42322153 453.916926592
509.889882254 941.338549552 1020.83411884 1612.27507338 454.102111777
509.732474846 943.069586589 1020.83617722 1614.12322153 454.287296963
509.575067439 944.800623626 1020.83803191 1615.97507338 454.472482148
509.417660031 946.540290293 1020.83268288 1617.82322153 454.657667333
509.260252624 948.27132733 1020.83453756 1619.67507338 454.842852518
509.102845216 950.002364367 1020.83639224 1621.52692523 455.028037703
508.945437809 951.733401404 1020.83845062 1623.37507338 455.212852518
508.788030402 953.47306807 1020.83289789 1625.22692523 455.398037703
508.630622994 955.204105108 1020.83495627 1627.07507338 455.582852518
508.473215587 956.935142145 1020.83681095 1628.92692523 455.768037703
508.315808179 958.666179182 1020.83886933 1630.77507338 455.953222888
508.158400772 960.405845848 1020.8333166 1632.62692523 456.138408073
508.000993364 962.136882885 1020.83517129 1634.47877708 456.323593259
507.843585957 963.867919922 1020.83722966 1636.32692523 456.508778444
507.686178549 965.59895696 1020.83908435 1638.17877708 456.693963629
507.528771142 967.338623626 1020.83373532 1640.02692523 456.878778444
507.371363735 969.069660663 1020.83559 1641.87877708 457.063963629
507.213956327 970.8006977 1020.83744468 1643.73062893 457.249148814
507.05654892 972.531734737 1020.83950306 1645.57877708 457.433963629
506.899141512 974.271401404 1020.83395033 1647.43062893 457.619148814
506.741734105 976.002438441 1020.83600871 1649.27877708 457.804333999
506.584326697 977.733475478 1020.83786339 1651.13062893 457.989519184
506.42691929 979.46882733 1020.83601437 1652.98248079 458.174704369
506.382382253 979.926401404 1020.83436904 1654.83062893 458.359889555
506.382382253 979.805586589 1020.83622373 1656.68248079 458.54507474
506.382382253 979.684771775 1020.83828211 1658.53062893 458.729889555
506.382382253 979.572586589 1020.83272938 1660.38248079 458.91507474
506.382382253 979.451771775 1020.83478776 1662.23062893 459.099889554
506.382382253 979.33095696 1020.83664244 1664.08248079 459.28507474
506.382382253 979.210142145 1020.83849712 1665.93433264 459.470259925
506.382382253 979.09795696 1020.83314809 1667.78248078 459.65544511
506.382382253 978.977142145 1020.83500277 1669.63433264 459.840630295
506.382382253 978.85632733 1020.83706115 1671.48248078 460.02581548
506.382382253 978.735512515 1020.83891583 1673.33433264 460.211000665
506.382382253 978.62332733 1020.83336311 1675.18618449 460.396185851
506.382382253 978.502512515 1020.83542149 1677.03433264 460.581000665
506.382382253 978.381697701 1020.83727617 1678.88618449 460.766185851
506.382382253 978.260882886 1020.83933455 1680.73433264 460.951000665
506.382382253 978.148697701 1020.83378182 1682.58618449 461.136185851
506.382382253 978.027882886 1020.8358402 1684.43433264 461.321371036
506.382382253 977.907068071 1020.83769488 1686.28618449 461.506556221
506.382382253 977.790568071 1020.83584586 1688.13803634 461.691741406
506.382382253 977.674068071 1020.83420053 1689.98618449 461.876926591
506.382382253 977.553253256 1020.83605521 1691.83803634 462.062111776
506.382382253 977.432438441 1020.83811359 1693.68618449 462.246926591
506.382382253 977.320253256 1020.83256087 1695.53803634 462.432111776
506.382382253 977.199438441 1020.83441555 1697.38988819 462.617296961
506.382382253 977.078623626 1020.83647393 1699.23803634 462.802111776
506.382382253 976.957808812 1020.83832861 1701.08988819 462.987296961
506.382382253 976.845623626 1020.83297958 1702.93803634 463.172482147
506.382382253 976.724808812 1020.83483426 1704.78988819 463.357667332
506.382382253 976.603993997 1020.83689264 1706.63803634 463.542852517
506.382382253 976.483179182 1020.83874732 1708.48988819 463.728037702
506.382382253 976.370993997 1020.83319459 1710.34174004 463.913222887
506.382382253 976.250179182 1020.83525297 1712.18988819 464.098037702
506.382382253 976.129364367 1020.83710765 1714.04174004 464.283222887
506.382382253 976.008549552 1020.83916603 1715.88988819 464.468037702
506.382382253 975.896364367 1020.83361331 1717.74174004 464.653222887
506.382382253 975.775549552 1020.83546799 1719.59359189 464.838408072
506.382382253 975.654734738 1020.83752637 1721.44174004 465.023593257
506.382382253 975.533919923 1020.83938105 1723.29359189 465.208778443
506.382382253 975.421734738 1020.83403202 1725.14174004 465.393963628
506.382382253 975.300919923 1020.8358867 1726.99359189 465.579148813
506.382382253 975.180105108 1020.83794508 1728.84174004 465.763963628
506.382382253 975.067919923 1020.83239235 1730.69359189 465.949148813
506.382382253 974.947105108 1020.83424703 1732.54544374 466.134333998
506.382382253 974.826290293 1020.83630541 1734.39359189 466.319148813
506.382382253 974.705475478 1020.83816009 1736.24544374 466.504333998
506.382382253 974.593290293 1020.83281107 1738.09359189 466.689519183
506.382382253 974.472475478 1020.83466575 1739.94544374 466.874704368
506.382382253 974.351660663 1020.83652043 1741.79729559 467.059889553
506.382382253 974.230845849 1020.83857881 1743.64544374 467.245074739
506.382382253 974.118660663 1020.83302608 1745.49729559 467.430259924
506.382382253 973.997845849 1020.83508446 1747.34544374 467.615074739
506.382382253 973.877031034 1020.83693914 1749.19729559 467.800259924
506.382382253 973.756216219 1020.83899752 1751.04544374 467.985074738
506.382382253 973.644031034 1020.83344479 1752.89729559 468.170259924
506.382382253 973.523216219 1020.83529947 1754.74914745 468.355445109
506.382382253 973.402401404 1020.83735785 1756.59729559 468.540630294
506.382382253 973.281586589 1020.83921253 1758.44914744 468.725815479
506.382382253 973.169401404 1020.83386351 1760.29729559 468.911000664
506.382382253 973.048586589 1020.83571819 1762.14914744 469.096185849
506.382382253 972.927771775 1020.83757287 1764.0009993 469.281371035
506.382382253 972.811271775 1020.83592754 1765.84914744 469.466185849
506.382382253 972.694771775 1020.83407852 1767.7009993 469.651371035
506.382382253 972.57395696 1020.8361369 1769.54914744 469.836185849
506.382382253 972.453142145 1020.83799158 1771.4009993 470.021371034
506.382382253 972.34095696 1020.83264255 1773.24914744 470.20655622
506.382382253 972.220142145 1020.83449723 1775.1009993 470.391741405
506.382382253 972.09932733 1020.83635192 1776.95285115 470.57692659
506.382382253 971.978512515 1020.83841029 1778.8009993 470.762111775
506.382382253 971.86632733 1020.83285757 1780.65285115 470.94729696
506.382382253 971.745512515 1020.83491595 1782.5009993 471.132111775
506.382382253 971.6246977 1020.83677063 1784.35285115 471.31729696
506.382382253 971.503882886 1020.83862531 1786.204703 471.502482145
506.382382253 971.3916977 1020.83327628 1788.05285115 471.68729696
506.382382253 971.270882886 1020.83513096 1789.904703 471.872482145
506.382382253 971.150068071 1020.83718934 1791.75285115 472.05766733
506.382382253 971.029253256 1020.83904402 1793.604703 472.242852516
506.382382253 970.917068071 1020.8334913 1795.45655485 472.428037701
506.382382253 970.796253256 1020.83554967 1797.304703 472.613222886
506.382382253 970.675438441 1020.83740436 1799.15655485 472.798408071
506.382382253 970.554623626 1020.83946273 1801.004703 472.983222886
506.382382253 970.442438441 1020.83391001 1802.85655485 473.168408071
506.382382253 970.321623626 1020.83596839 1804.704703 473.353222886
506.382382253 970.200808812 1020.83782307 1806.55655485 473.538408071
506.382382253 970.084308812 1020.83597405 1808.4084067 473.723593256
506.382382253 969.967808812 1020.83432872 1810.25655485 473.908778441
506.382382253 969.846993997 1020.8361834 1812.1084067 474.093963626
506.382382253 969.726179182 1020.83824178 1813.95655485 474.279148812
506.382382253 969.613993997 1020.83268905 1815.8084067 474.464333997
506.382382253 969.493179182 1020.83454374 1817.66025855 474.649519182
506.382382253 969.372364367 1020.83660212 1819.5084067 474.834333997
506.382382253 969.251549552 1020.8384568 1821.36025855 475.019519182
506.382382253 969.139364367 1020.83310777 1823.2084067 475.204333997
506.382382253 969.018549552 1020.83496245 1825.06025855 475.389519182
506.382382253 968.897734738 1020.83702083 1826.9084067 475.574704367
506.382382253 968.776919923 1020.83887551 1828.76025855 475.759889552
506.382382253 968.664734738 1020.83332278 1830.6121104 475.945074737
506.382382253 968.543919923 1020.83538116 1832.46025855 476.130259923
506.382382253 968.423105108 1020.83723584 1834.3121104 476.315445108
506.382382253 968.302290293 1020.83929422 1836.16025855 476.500259922
506.382382253 968.190105108 1020.8337415 1838.0121104 476.685445108
506.382382253 968.069290293 1020.83559618 1839.86396225 476.870630293
506.382382253 967.948475478 1020.83765456 1841.7121104 477.055445108
506.382382253 967.827660663 1020.83950924 1843.56396225 477.240630293
506.382382253 967.715475478 1020.83416021 1845.4121104 477.425815478
506.382382253 967.594660663 1020.83601489 1847.26396225 477.611000663
506.382382253 967.473845849 1020.83807327 1849.1121104 477.796185848
506.382382253 967.361660663 1020.83252054 1850.96396225 477.981371033
506.382382253 967.240845849 1020.83437522 1852.8158141 478.166556219
506.382382253 967.120031034 1020.8364336 1854.66396225 478.351371033
506.382382253 966.999216219 1020.83828828 1856.5158141 478.536556218
506.382382253 966.887031034 1020.83293925 1858.36396225 478.721371033
506.382382253 966.766216219 1020.83479394 1860.2158141 478.906556218
506.382382253 966.645401404 1020.83664862 1862.06766596 479.091741404
506.382382253 966.524586589 1020.838707 1863.9158141 479.276926589
506.382382253 966.412401404 1020.83315427 1865.76766596 479.462111774
506.382382253 966.291586589 1020.83521265 1867.6158141 479.647296959
506.382382253 966.170771775 1020.83706733 1869.46766596 479.832482144
506.382382253 966.04995696 1020.83912571 1871.3158141 480.017296959
506.382382253 965.937771775 1020.83357298 1873.16766596 480.202482144
506.382382253 965.81695696 1020.83542766 1875.01951781 480.387667329
506.382382253 965.696142145 1020.83748604 1876.86766595 480.572482144
506.382382253 965.57532733 1020.83934072 1878.71951781 480.757667329
506.382382253 965.463142145 1020.8339917 1880.56766595 480.942852514
506.382382253 965.34232733 1020.83584638 1882.41951781 481.1280377
506.382382253 965.221512515 1020.83770106 1884.27136966 481.313222885
506.382382253 965.10932733 1020.83235203 1886.11951781 481.49840807
506.382382253 964.988512515 1020.83420671 1887.97136966 481.683593255
506.382382253 964.8676977 1020.83626509 1889.81951781 481.86840807
506.382382253 964.746882886 1020.83811977 1891.67136966 482.053593255
506.382382253 964.6346977 1020.83277074 1893.51951781 482.23840807
506.382382253 964.513882886 1020.83462542 1895.37136966 482.423593255
506.382382253 964.393068071 1020.8364801 1897.22322151 482.60877844
506.382382253 964.272253256 1020.83853848 1899.07136966 482.793963625
506.382382253 964.160068071 1020.83298576 1900.92322151 482.97914881
506.382382253 964.039253256 1020.83504414 1902.77136966 483.164333996
506.382382253 963.918438441 1020.83689882 1904.62322151 483.349519181
506.382382253 963.797623626 1020.8387535 1906.47507336 483.534704366
506.382382253 963.685438441 1020.83340447 1908.32322151 483.719519181
506.382382253 963.564623626 1020.83525915 1910.17507336 483.904704366
506.382382253 963.443808812 1020.83731753 1912.02322151 484.089519181
506.382382253 963.322993997 1020.83917221 1913.87507336 484.274704366
506.382382253 963.210808812 1020.83382318 1915.72322151 484.459889551
506.382382253 963.089993997 1020.83567786 1917.57507336 484.645074736
506.382382253 962.969179182 1020.83753254 1919.42692521 484.830259921
506.382382253 962.852679182 1020.83588722 1921.27507336 485.015445106
506.382382253 962.736179182 1020.8340382 1923.12692521 485.200630292
506.382382253 962.615364367 1020.83609658 1924.97507336 485.385445106
506.382382253 962.494549552 1020.83795126 1926.82692521 485.570630292
506.382382253 962.382364367 1020.83239853 1928.67877706 485.755815477
506.382382253 962.261549552 1020.83445691 1930.52692521 485.940630292
506.382382253 962.140734737 1020.83631159 1932.37877706 486.125815477
506.382382253 962.019919923 1020.83836997 1934.22692521 486.311000662
506.382382253 961.907734737 1020.83281724 1936.07877706 486.496185847
506.382382253 961.786919923 1020.83487562 1937.92692521 486.681371032
506.382382253 961.666105108 1020.8367303 1939.77877706 486.866556217
506.382382253 961.545290293 1020.83858499 1941.63062891 487.051741402
506.382382253 961.433105108 1020.83323596 1943.47877706 487.236556217
506.382382253 961.312290293 1020.83509064 1945.33062891 487.421741402
506.382382253 961.191475478 1020.83714902 1947.17877706 487.606556217
506.382382253 961.070660663 1020.8390037 1949.03062891 487.791741402
506.382382253 960.958475478 1020.83345097 1950.88248076 487.976926588
506.382382253 960.837660663 1020.83550935 1952.73062891 488.162111773
506.382382253 960.716845849 1020.83736403 1954.58248076 488.347296958
506.382382253 960.596031034 1020.83942241 1956.43062891 488.532482143
506.382382253 960.483845849 1020.83386968 1958.28248076 488.717667328
506.382382253 960.363031034 1020.83572437 1960.13433262 488.902852513
506.382382253 960.242216219 1020.83778274 1961.98248076 489.087667328
506.382382253 960.125716219 1020.83593372 1963.83433262 489.272852513
506.382382253 960.009216219 1020.8342884 1965.68248076 489.457667328
506.382382253 959.888401404 1020.83614308 1967.53433261 489.642852513
506.382382253 959.767586589 1020.83820146 1969.38248076 489.828037698
506.382382253 959.655401404 1020.83264873 1971.23433261 490.013222884
506.382382253 959.534586589 1020.83450341 1973.08618447 490.198408069
506.382382253 959.413771774 1020.83656179 1974.93433261 490.383593254
506.382382253 959.29295696 1020.83841647 1976.78618447 490.568778439
506.382382253 959.180771774 1020.83306744 1978.63433261 490.753593254
506.382382253 959.05995696 1020.83492213 1980.48618447 490.938778439
506.382382253 958.939142145 1020.83677681 1982.33803632 491.123963624
506.382382253 958.81832733 1020.83883519 1984.18618447 491.308778439
506.382382253 958.706142145 1020.83328246 1986.03803632 491.493963624
506.382382253 958.58532733 1020.83534084 1987.88618447 491.679148809
506.382382253 958.464512515 1020.83719552 1989.73803632 491.864333994
506.382382253 958.3436977 1020.8392539 1991.58618447 492.04951918
506.382382253 958.231512515 1020.83370117 1993.43803632 492.234704365
506.382382253 958.1106977 1020.83555585 1995.28988817 492.41988955
506.382382253 957.989882886 1020.83761423 1997.13803632 492.604704365
506.382382253 957.869068071 1020.83946891 1998.98988817 492.78988955
506.382382253 957.756882886 1020.83411988 2000.83803632 492.974704365
506.382382253 957.636068071 1020.83597457 2002.68988817 493.15988955
506.382382253 957.515253256 1020.83782925 2004.54174002 493.345074735
506.382382253 957.403068071 1020.83248022 2006.38988817 493.53025992
506.382382253 957.282253256 1020.8343349 2008.24174002 493.715445105
506.382382253 957.161438441 1020.83639328 2010.08988817 493.90063029
506.382382253 957.040623626 1020.83824796 2011.94174002 494.085815476
506.382382253 956.928438441 1020.83289893 2013.78988817 494.27063029
506.382382253 956.807623626 1020.83475361 2015.64174002 494.455815476
506.382382253 956.686808811 1020.83660829 2017.49359187 494.641000661
506.382382253 956.565993997 1020.83866667 2019.34174002 494.825815476
506.382382253 956.453808811 1020.83311395 2021.19359187 495.011000661
506.382382253 956.332993997 1020.83517233 2023.04174002 495.196185846
506.382382253 956.212179182 1020.83702701 2024.89359187 495.381371031
506.382382253 956.091364367 1020.83888169 2026.74544372 495.566556216
506.382382253 955.979179182 1020.83353266 2028.59359187 495.751741401
506.382382253 955.858364367 1020.83538734 2030.44544372 495.936926586
506.382382253 955.737549552 1020.83744572 2032.29359187 496.121741401
506.382382253 955.616734737 1020.8393004 2034.14544372 496.306926586
506.382382253 955.504549552 1020.83395137 2035.99359187 496.491741401
506.382382253 955.383734737 1020.83580605 2037.84544372 496.676926586
506.382382253 955.262919923 1020.83766073 2039.69729557 496.862111772
506.382382253 955.146419923 1020.83601541 2041.54544372 497.047296957
506.382382253 955.029919923 1020.83416639 2043.39729557 497.232482142
506.382382253 954.909105108 1020.83622477 2045.24544372 497.417667327
506.382382253 954.788290293 1020.83807945 2047.09729557 497.602852512
506.382382253 954.676105108 1020.83252672 2048.94914742 497.788037697
506.382382253 954.555290293 1020.8345851 2050.79729557 497.972852512
506.382382253 954.434475478 1020.83643978 2052.64914742 498.158037697
506.382382253 954.313660663 1020.83849816 2054.49729557 498.342852512
506.382382253 954.201475478 1020.83294543 2056.34914742 498.528037697
506.382382253 954.080660663 1020.83500381 2058.19729557 498.713222882
506.382382253 953.959845849 1020.83685849 2060.04914743 498.898408068
506.382382253 953.839031034 1020.83871317 2061.90099928 499.083593253
506.382382253 953.726845849 1020.83336415 2063.74914743 499.268778438
506.382382253 953.606031034 1020.83521883 2065.60099928 499.453963623
506.382382253 953.485216219 1020.83727721 2067.44914743 499.638778438
506.382382253 953.364401404 1020.83913189 2069.30099928 499.823963623
506.382382253 953.252216219 1020.83357916 2071.15285113 500.009148808
506.382382253 953.131401404 1020.83563754 2073.00099928 500.193963623
506.382382253 953.010586589 1020.83749222 2074.85285113 500.379148808
506.382382253 952.894086589 1020.8358469 2076.70099928 500.564333993
506.382382253 952.777586589 1020.83399787 2078.55285113 500.749519178
506.382382253 952.656771774 1020.83605625 2080.40099928 500.934704364
506.382382253 952.53595696 1020.83791093 2082.25285113 501.119889549
506.382382253 952.423771774 1020.83235821 2084.10470298 501.305074734
506.382382253 952.30295696 1020.83441659 2085.95285113 501.489889549
506.382382253 952.182142145 1020.83627127 2087.80470298 501.675074734
506.382382253 952.06132733 1020.83832965 2089.65285113 501.859889549
506.382382253 951.949142145 1020.83277692 2091.50470298 502.045074734
506.382382253 951.82832733 1020.8346316 2093.35655484 502.230259919
506.382382253 951.707512515 1020.83668998 2095.20470298 502.415445104
506.382382253 951.5866977 1020.83854466 2097.05655484 502.600630289
506.382382253 951.474512515 1020.83319563 2098.90470298 502.785815474
506.382382253 951.3536977 1020.83505031 2100.75655484 502.97100066
506.382382253 951.232882886 1020.836905 2102.60840669 503.156185845
506.382382253 951.112068071 1020.83896337 2104.45655484 503.34100066
506.382382253 950.999882886 1020.83341065 2106.30840669 503.526185845
506.382382253 950.879068071 1020.83546903 2108.15655484 503.711000659
506.382382253 950.758253256 1020.83732371 2110.00840669 503.896185845
506.382382253 950.637438441 1020.83938209 2111.85655484 504.08137103
506.382382253 950.525253256 1020.83382936 2113.70840669 504.266556215
506.382382253 950.404438441 1020.83568404 2115.56025854 504.4517414
506.382382253 950.283623626 1020.83774242 2117.40840669 504.636926585
506.382382253 950.167123626 1020.8358934 2119.26025854 504.82211177
506.382382253 950.050623626 1020.83424807 2121.10840669 505.006926585
506.382382253 949.929808811 1020.83610275 2122.96025854 505.19211177
506.382382253 949.808993997 1020.83795744 2124.81211039 505.377296956
506.382382253 949.696808811 1020.83260841 2126.66025854 505.56211177
506.382382253 949.575993997 1020.83446309 2128.5121104 505.747296955
506.382382253 949.455179182 1020.83652147 2130.36025854 505.932482141
506.382382253 949.334364367 1020.83837615 2132.2121104 506.117667326
506.382382253 949.222179182 1020.83302712 2134.06025854 506.302852511
506.382382253 949.101364367 1020.8348818 2135.9121104 506.488037696
506.382382253 948.980549552 1020.83673648 2137.76396225 506.673222881
506.382382253 948.859734737 1020.83879486 2139.6121104 506.858037696
506.382382253 948.747549552 1020.83324214 2141.46396225 507.043222881
506.382382253 948.626734737 1020.83530051 2143.3121104 507.228037696
506.382382253 948.505919923 1020.8371552 2145.16396225 507.413222881
506.382382253 948.385105108 1020.83900988 2147.0158141 507.598408066
506.382382253 948.272919923 1020.83366085 2148.86396225 507.783593252
506.382382253 948.152105108 1020.83551553 2150.7158141 507.968778437
506.382382253 948.031290293 1020.83757391 2152.56396225 508.153963622
506.382382253 947.910475478 1020.83942859 2154.4158141 508.339148807
506.382382253 947.798290293 1020.83407956 2156.26396225 508.523963622
506.382382253 947.677475478 1020.83593424 2158.1158141 508.709148807
506.382382253 947.556660663 1020.83778892 2159.96766595 508.894333992
506.382382253 947.444475478 1020.83243989 2161.8158141 509.079148807
506.382382253 947.323660663 1020.83429458 2163.66766595 509.264333992
506.382382253 947.202845848 1020.83635295 2165.5158141 509.449519177
506.382382253 947.082031034 1020.83820764 2167.36766595 509.634704362
506.382382253 946.969845848 1020.83265491 2169.21951781 509.819889548
506.382382253 946.849031034 1020.83471329 2171.06766595 510.005074733
506.382382253 946.728216219 1020.83656797 2172.91951781 510.190259918
506.382382253 946.607401404 1020.83862635 2174.76766596 510.375074733
506.382382253 946.495216219 1020.83307362 2176.61951781 510.560259918
506.382382253 946.374401404 1020.835132 2178.46766596 510.745074733
506.382382253 946.253586589 1020.83698668 2180.31951781 510.930259918
506.382382253 946.132771774 1020.83884136 2182.17136966 511.115445103
506.382382253 946.020586589 1020.83349234 2184.01951781 511.300630288
506.382382253 945.899771774 1020.83534702 2185.87136966 511.485815473
506.382382253 945.77895696 1020.8374054 2187.71951781 511.671000658
506.382382253 945.658142145 1020.83926008 2189.57136966 511.856185844
506.382382253 945.54595696 1020.83370735 2191.42322151 512.041371029
506.382382253 945.425142145 1020.83576573 2193.27136966 512.226185844
506.382382253 945.30432733 1020.83762041 2195.12322151 512.411371029
506.382382253 945.18782733 1020.83597509 2196.97136966 512.596185844
506.382382253 945.07132733 1020.83412606 2198.82322151 512.781371029
506.382382253 944.950512515 1020.83618444 2200.67136966 512.966556214
506.382382253 944.8296977 1020.83803912 2202.52322151 513.151741399
506.382382253 944.717512515 1020.8324864 2204.37507337 513.336926585
506.382382253 944.5966977 1020.83454478 2206.22322151 513.52211177
506.382382253 944.475882885 1020.83639946 2208.07507337 513.707296955
506.382382253 944.355068071 1020.83845784 2209.92322151 513.89211177
506.382382253 944.242882885 1020.83290511 2211.77507337 514.077296955
506.382382253 944.122068071 1020.83475979 2213.62692522 514.26248214
506.382382253 944.001253256 1020.83681817 2215.47507337 514.447296955
506.382382253 943.880438441 1020.83867285 2217.32692522 514.63248214
506.382382253 943.768253256 1020.83332382 2219.17507337 514.817667326
506.382382253 943.647438441 1020.8351785 2221.02692522 515.002852511
506.382382253 943.526623626 1020.83723688 2222.87507337 515.188037696
506.382382253 943.405808811 1020.83909156 2224.72692522 515.373222881
506.382382253 943.293623626 1020.83353884 2226.57877707 515.558408066
506.382382253 943.172808811 1020.83559722 2228.42692522 515.743222881
506.382382253 943.051993997 1020.8374519 2230.27877707 515.928408066
506.382382253 942.931179182 1020.83951028 2232.12692522 516.113222881
506.382382253 942.818993997 1020.83395755 2233.97877707 516.298408067
506.382382253 942.698179182 1020.83581223 2235.83062892 516.483593252
506.382382253 942.577364367 1020.83787061 2237.67877707 516.668778437
506.382382253 942.465179182 1020.83231788 2239.53062892 516.853963622
506.382382253 942.344364367 1020.83437626 2241.37877707 517.039148807
506.382382253 942.223549552 1020.83623094 2243.23062893 517.224333993
506.382382253 942.102734737 1020.83808562 2245.08248078 517.409519178
506.382382253 941.990549552 1020.8327366 2246.93062893 517.594333993
506.382382253 941.869734737 1020.83459128 2248.78248078 517.779519178
506.382382253 941.748919922 1020.83664966 2250.63062893 517.964333993
506.382382253 941.628105108 1020.83850434 2252.48248078 518.149519178
506.382382253 941.515919922 1020.83315531 2254.33062893 518.334704363
506.382382253 941.395105108 1020.83500999 2256.18248078 518.519889548
506.382382253 941.274290293 1020.83686467 2258.03433263 518.705074734
506.382382253 941.153475478 1020.83892305 2259.88248078 518.890259919
506.382382253 941.041290293 1020.83337032 2261.73433263 519.075445104
506.382382253 940.920475478 1020.8354287 2263.58248078 519.260259919
506.382382253 940.799660663 1020.83728338 2265.43433263 519.445445104
506.382382253 940.678845848 1020.83913807 2267.28618448 519.630630289
506.382382253 940.566660663 1020.83378904 2269.13433263 519.815445104
506.382382253 940.445845848 1020.83564372 2270.98618448 520.000630289
506.382382253 940.325031034 1020.8377021 2272.83433263 520.185815475
506.382382253 940.208531034 1020.83585307 2274.68618448 520.37100066
506.382382253 940.092031034 1020.83420775 2276.53433263 520.556185845
506.382382253 939.971216219 1020.83606243 2278.38618448 520.74137103
506.382382253 939.850401404 1020.83791711 2280.23803634 520.926556216
506.382382253 939.738216219 1020.83256808 2282.08618448 521.11137103
506.382382253 939.617401404 1020.83442276 2283.93803634 521.296556216
506.382382253 939.496586589 1020.83648114 2285.78618449 521.48137103
506.382382253 939.375771774 1020.83833582 2287.63803634 521.666556216
506.382382253 939.263586589 1020.8327831 2289.48988819 521.851741401
506.382382253 939.142771774 1020.83484148 2291.33803634 522.036926586
506.382382253 939.02195696 1020.83669616 2293.18988819 522.222111771
506.382382253 938.901142145 1020.83875454 2295.03803634 522.407296957
506.382382253 938.78895696 1020.83320181 2296.88988819 522.592482142
506.382382253 938.668142145 1020.83526019 2298.73803634 522.777296957
506.382382253 938.54732733 1020.83711487 2300.58988819 522.962482142
506.382382253 938.426512515 1020.83896955 2302.44174004 523.147667327
506.382382253 938.31432733 1020.83362052 2304.28988819 523.332482142
506.382382253 938.193512515 1020.83547521 2306.14174004 523.517667327
506.382382253 938.0726977 1020.83753358 2307.98988819 523.702852512
506.382382253 937.951882885 1020.83938827 2309.84174004 523.888037698
506.382382253 937.8396977 1020.83383554 2311.6935919 524.073222883
506.382382253 937.718882885 1020.83589392 2313.54174004 524.258408068
506.382382253 937.598068071 1020.8377486 2315.3935919 524.443593253
506.382382253 937.485882885 1020.83239957 2317.24174004 524.628408068
506.382382253 937.365068071 1020.83425425 2319.0935919 524.813593253
506.382382253 937.244253256 1020.83631263 2320.94174004 524.998408068
506.382382253 937.123438441 1020.83816731 2322.7935919 525.183593253
506.382382253 937.011253256 1020.83261459 2324.64544375 525.368778439
506.382382253 936.890438441 1020.83467296 2326.4935919 525.553963624
506.382382253 936.769623626 1020.83652765 2328.34544375 525.739148809
506.382382253 936.648808811 1020.83858602 2330.1935919 525.924333994
506.382382253 936.536623626 1020.8330333 2332.04544375 526.109519179
506.382382253 936.415808811 1020.83488798 2333.8972956 526.294704365
506.382382253 936.294993997 1020.83694636 2335.74544375 526.47951918
506.382382253 936.174179182 1020.83880104 2337.5972956 526.664704365
506.382382253 936.061993997 1020.83345201 2339.44544375 526.84951918
506.382382253 935.941179182 1020.83530669 2341.2972956 527.034704365
506.382382253 935.820364367 1020.83736507 2343.14544375 527.21988955
506.382382253 935.699549552 1020.83921975 2344.9972956 527.405074735
506.382382253 935.587364367 1020.83366703 2346.84914745 527.59025992
506.382382253 935.466549552 1020.83572541 2348.6972956 527.775445106
506.382382253 935.345734737 1020.83758009 2350.54914745 527.960630291
506.382382253 935.229234737 1020.83593476 2352.3972956 528.145445106
506.382382253 935.112734737 1020.83408574 2354.24914746 528.330630291
506.382382253 934.991919922 1020.83594042 2356.10099931 528.515815476
506.382382253 934.871105108 1020.8379988 2357.94914746 528.700630291
506.382382253 934.758919922 1020.83244607 2359.80099931 528.885815476
506.382382253 934.638105108 1020.83450445 2361.64914746 529.071000662
506.382382253 934.517290293 1020.83635913 2363.50099931 529.256185847
506.382382253 934.396475478 1020.83841751 2365.34914746 529.441371032
506.382382253 934.284290293 1020.83286479 2367.20099931 529.626556217
506.382382253 934.163475478 1020.83471947 2369.05285116 529.811741402
506.382382253 934.042660663 1020.83677785 2370.90099931 529.996556217
506.382382253 933.921845848 1020.83863253 2372.75285116 530.181741402
506.382382253 933.809660663 1020.8332835 2374.60099931 530.366556217
506.382382253 933.688845848 1020.83513818 2376.45285116 530.551741403
506.382382253 933.568031034 1020.83699286 2378.30470301 530.736926588
506.382382253 933.447216219 1020.83905124 2380.15285116 530.922111773
506.382382253 933.335031034 1020.83349851 2382.00470301 531.107296958
506.382382253 933.214216219 1020.83555689 2383.85285116 531.292482143
506.382382253 933.093401404 1020.83741157 2385.70470301 531.477667329
506.382382253 932.972586589 1020.83926625 2387.55655487 531.662852514
506.382382253 932.860401404 1020.83391723 2389.40470301 531.847667329
506.382382253 932.739586589 1020.83577191 2391.25655487 532.032852514
506.382382253 932.618771774 1020.83783029 2393.10470301 532.217667329
506.382382253 932.502271774 1020.83598126 2394.95655487 532.402852514
506.382382253 932.385771774 1020.83433594 2396.80470301 532.588037699
506.382382253 932.264956959 1020.83619062 2398.65655487 532.773222884
506.382382253 932.144142145 1020.8380453 2400.50840672 532.95840807
506.382382253 932.031956959 1020.83269627 2402.35655487 533.143593255
506.382382253 931.911142145 1020.83455095 2404.20840672 533.32877844
506.382382253 931.79032733 1020.83660933 2406.05655487 533.513593255
506.382382253 931.669512515 1020.83846401 2407.90840672 533.69877844
506.382382253 931.55732733 1020.83291129 2409.76025857 533.883963625
506.382382253 931.436512515 1020.83496967 2411.60840672 534.06877844
506.382382253 931.3156977 1020.83682435 2413.46025857 534.253963625
506.382382253 931.194882885 1020.83888273 2415.30840672 534.439148811
506.382382253 931.0826977 1020.83333 2417.16025857 534.624333996
506.382382253 930.961882885 1020.83538838 2419.00840672 534.809519181
506.382382253 930.841068071 1020.83724306 2420.86025857 534.994704366
506.382382253 930.720253256 1020.83909774 2422.71211042 535.179889552
506.382382253 930.608068071 1020.83374871 2424.56025857 535.364704366
506.382382253 930.487253256 1020.83560339 2426.41211043 535.549889552
506.382382253 930.366438441 1020.83766177 2428.26025857 535.734704366
506.382382253 930.245623626 1020.83951645 2430.11211043 535.919889552
506.382382253 930.133438441 1020.83396373 2431.96396228 536.105074737
506.382382253 930.012623626 1020.83602211 2433.81211043 536.290259922
506.382382253 929.891808811 1020.83787679 2435.66396228 536.475445107
506.382382253 929.779623626 1020.83252776 2437.51211043 536.660630293
506.382382253 929.658808811 1020.83438244 2439.36396228 536.845815478
506.382382253 929.537993996 1020.83644082 2441.21211043 537.030630293
506.382382253 929.417179182 1020.8382955 2443.06396228 537.215815478
506.382382253 929.304993996 1020.83274277 2444.91581413 537.401000663
506.382382253 929.184179182 1020.83480115 2446.76396228 537.585815478
506.382382253 929.063364367 1020.83665583 2448.61581413 537.771000663
506.382382253 928.942549552 1020.83871421 2450.46396228 537.956185848
506.382382253 928.830364367 1020.83316149 2452.31581413 538.141371034
506.382382253 928.709549552 1020.83501617 2454.16766598 538.326556219
506.382382253 928.588734737 1020.83707455 2456.01581413 538.511741404
506.382382253 928.467919922 1020.83892923 2457.86766598 538.696926589
506.382382253 928.355734737 1020.8335802 2459.71581413 538.881741404
506.382382253 928.234919922 1020.83543488 2461.56766598 539.066926589
506.382382253 928.114105108 1020.83749326 2463.41581413 539.251741404
506.382382253 927.993290293 1020.83934794 2465.26766598 539.436926589
506.382382253 927.881105108 1020.83379521 2467.11951784 539.622111775
506.382382253 927.760290293 1020.83585359 2468.96766599 539.80729696
506.382382253 927.639475478 1020.83770828 2470.81951784 539.992482145
506.382382253 927.527290293 1020.83235925 2472.66766599 540.17766733
506.382382253 927.406475478 1020.83421393 2474.51951784 540.362852515
506.382382253 927.285660663 1020.83606861 2476.37136969 540.548037701
506.382382253 927.164845848 1020.83812699 2478.21951784 540.732852516
506.382382253 927.052660663 1020.83257426 2480.07136969 540.918037701
506.382382253 926.931845848 1020.83463264 2481.91951784 541.102852516
506.382382253 926.811031033 1020.83648732 2483.77136969 541.288037701
506.382382253 926.690216219 1020.8385457 2485.61951784 541.473222886
506.382382253 926.578031033 1020.83299297 2487.47136969 541.658408071
506.382382253 926.457216219 1020.83484766 2489.32322154 541.843593256
506.382382253 926.336401404 1020.83690603 2491.17136969 542.028778442
506.382382253 926.215586589 1020.83876072 2493.02322154 542.213963627
506.382382253 926.103401404 1020.83341169 2494.87136969 542.398778442
506.382382253 925.982586589 1020.83526637 2496.72322154 542.583963627
506.382382253 925.861771774 1020.83712105 2498.5750734 542.769148812
506.382382253 925.740956959 1020.83917943 2500.42322154 542.953963627
506.382382253 925.628771774 1020.8336267 2502.2750734 543.139148812
506.382382253 925.507956959 1020.83568508 2504.12322154 543.324333998
506.382382253 925.387142145 1020.83753976 2505.9750734 543.509519183
506.382382253 925.270642145 1020.83589444 2507.82322154 543.694704368
506.382382253 925.154142145 1020.83404541 2509.6750734 543.879889553
506.382382253 925.03332733 1020.8359001 2511.52692525 544.065074738
506.382382253 924.912512515 1020.83795848 2513.3750734 544.249889553
506.382382253 924.80032733 1020.83240575 2515.22692525 544.435074738
506.382382253 924.679512515 1020.83446413 2517.0750734 544.619889553
506.382382253 924.5586977 1020.83631881 2518.92692525 544.805074739
506.382382253 924.437882885 1020.83817349 2520.7787771 544.990259924
506.382382253 924.3256977 1020.83282446 2522.62692525 545.175445109
506.382382253 924.204882885 1020.83467914 2524.4787771 545.360630294
506.382382253 924.084068071 1020.83673752 2526.32692525 545.545815479
506.382382253 923.963253256 1020.8385922 2528.1787771 545.731000665
506.382382253 923.85106807 1020.83324317 2530.02692525 545.915815479
506.382382253 923.730253256 1020.83509786 2531.8787771 546.101000665
506.382382253 923.609438441 1020.83695254 2533.73062895 546.28618585
506.382382253 923.488623626 1020.83901092 2535.5787771 546.471000665
506.382382253 923.376438441 1020.83345819 2537.43062896 546.65618585
506.382382253 923.255623626 1020.83551657 2539.2787771 546.841371035
506.382382253 923.134808811 1020.83737125 2541.13062896 547.02655622
506.382382253 923.013993996 1020.83922593 2542.98248081 547.211741406
506.382382253 922.901808811 1020.8338769 2544.83062896 547.396926591
506.382382253 922.780993996 1020.83573158 2546.68248081 547.582111776
506.382382253 922.660179182 1020.83778996 2548.53062896 547.766926591
506.382382253 922.543679182 1020.83594094 2550.38248081 547.952111776
506.382382253 922.427179182 1020.83409192 2552.23433266 548.137296961
506.382382253 922.306364367 1020.8361503 2554.08248081 548.322111776
506.382382253 922.185549552 1020.83800498 2555.93433266 548.507296961
506.382382253 922.073364367 1020.83265595 2557.78248081 548.692482147
506.382382253 921.952549552 1020.83451063 2559.63433266 548.877667332
506.382382253 921.831734737 1020.83656901 2561.48248081 549.062852517
506.382382253 921.710919922 1020.83842369 2563.33433266 549.248037702
506.382382253 921.598734737 1020.83287096 2565.18618451 549.433222888
506.382382253 921.477919922 1020.83492934 2567.03433266 549.618037702
506.382382253 921.357105108 1020.83678402 2568.88618451 549.803222888
506.382382253 921.236290293 1020.8388424 2570.73433266 549.988037702
506.382382253 921.124105108 1020.83328968 2572.58618451 550.173222888
506.382382253 921.003290293 1020.83514436 2574.43803637 550.358408073
506.382382253 920.882475478 1020.83720274 2576.28618451 550.543593258
506.382382253 920.761660663 1020.83905742 2578.13803637 550.728778443
506.382382253 920.649475478 1020.83370839 2579.98618451 550.913963629
506.382382253 920.528660663 1020.83556307 2581.83803637 551.099148814
506.382382253 920.407845848 1020.83762145 2583.68618452 551.283963629
506.382382253 920.287031033 1020.83947613 2585.53803637 551.469148814
506.382382253 920.174845848 1020.8339234 2587.38988822 551.654333999
506.382382253 920.054031033 1020.83598178 2589.23803637 551.839148814
506.382382253 919.933216219 1020.83783646 2591.08988822 552.024333999
506.382382253 919.821031033 1020.83248744 2592.93803637 552.209519184
506.382382253 919.700216219 1020.83434212 2594.78988822 552.39470437
506.382382253 919.579401404 1020.8361968 2596.64174007 552.579889555
506.382382253 919.458586589 1020.83825518 2598.48988822 552.76507474
506.382382253 919.346401404 1020.83270245 2600.34174007 552.950259925
506.382382253 919.225586589 1020.83476083 2602.18988822 553.13507474
506.382382253 919.104771774 1020.83661551 2604.04174007 553.320259925
506.382382253 918.983956959 1020.83867389 2605.88988822 553.50507474
506.382382253 918.871771774 1020.83312116 2607.74174007 553.690259925
506.382382253 918.750956959 1020.83497584 2609.59359193 553.875445111
506.382382253 918.630142145 1020.83703422 2611.44174007 554.060630296
506.382382253 918.50932733 1020.8388889 2613.29359193 554.245815481
506.382382253 918.397142145 1020.83353988 2615.14174007 554.431000666
506.382382253 918.27632733 1020.83539456 2616.99359193 554.616185851
506.382382253 918.155512515 1020.83724924 2618.84544378 554.801371037
506.382382253 918.0346977 1020.83930762 2620.69359193 554.986185852
506.382382253 917.922512515 1020.83375489 2622.54544378 555.171371037
506.382382253 917.8016977 1020.83581327 2624.39359193 555.356185852
506.382382253 917.680882885 1020.83766795 2626.24544378 555.541371037
506.382382253 917.5686977 1020.83231892 2628.09359193 555.726556222
506.382382253 917.447882885 1020.8341736 2629.94544378 555.911741407
506.382382253 917.32706807 1020.83602828 2631.79729563 556.096926592
506.382382253 917.206253256 1020.83808666 2633.64544378 556.282111778
506.382382253 917.09406807 1020.83253394 2635.49729563 556.467296963
506.382382253 916.973253256 1020.83459232 2637.34544378 556.652111778
506.382382253 916.852438441 1020.836447 2639.19729563 556.837296963
506.382382253 916.731623626 1020.83830168 2641.04914748 557.022482148
506.382382253 916.619438441 1020.83295265 2642.89729563 557.207296963
506.382382253 916.498623626 1020.83480733 2644.74914748 557.392482148
506.382382253 916.377808811 1020.83686571 2646.59729563 557.577667333
506.382382253 916.256993996 1020.83872039 2648.44914748 557.762852519
506.382382253 916.144808811 1020.83337136 2650.29729563 557.948037704
506.382382253 916.023993996 1020.83522604 2652.14914749 558.133222889
506.382382253 915.903179182 1020.83708073 2654.00099934 558.318408074
506.382382253 915.782364367 1020.8391391 2655.84914749 558.503222889
506.382382253 915.670179182 1020.83358638 2657.70099934 558.688408074
506.382382253 915.549364367 1020.83564476 2659.54914749 558.873222889
506.382382253 915.428549552 1020.83749944 2661.40099934 559.058408075
506.382382253 915.307734737 1020.83935412 2663.25285119 559.24359326
506.382382253 915.195549552 1020.83400509 2665.10099934 559.428778445
506.382382253 915.074734737 1020.83585977 2666.95285119 559.61396363
506.382382253 914.953919922 1020.83791815 2668.80099934 559.799148815
506.382382253 914.841734737 1020.83236542 2670.65285119 559.984334001
506.382382253 914.720919922 1020.8344238 2672.50099934 560.169148815
506.382382253 914.600105107 1020.83627848 2674.35285119 560.354334001
506.382382253 914.479290293 1020.83813317 2676.20470304 560.539519186
506.382382253 914.367105107 1020.83278414 2678.05285119 560.724334001
506.382382253 914.246290293 1020.83463882 2679.90470304 560.909519186
506.382382253 914.125475478 1020.8366972 2681.75285119 561.094704371
506.382382253 914.004660663 1020.83855188 2683.60470304 561.279889556
506.382382253 913.892475478 1020.83299915 2685.4565549 561.465074742
506.382382253 913.771660663 1020.83505753 2687.30470304 561.650259927
506.382382253 913.650845848 1020.83691221 2689.1565549 561.835445112
506.382382253 913.530031033 1020.83897059 2691.00470304 562.020259927
506.382382253 913.417845848 1020.83341787 2692.8565549 562.205445112
506.382382253 913.297031033 1020.83527255 2694.70840675 562.390630297
506.382382253 913.176216219 1020.83733093 2696.5565549 562.575445112
506.382382253 913.055401404 1020.83918561 2698.40840675 562.760630297
506.382382253 912.943216219 1020.83383658 2700.2565549 562.945815483
506.382382253 912.822401404 1020.83569126 2702.10840675 563.131000668
506.382382253 912.701586589 1020.83774964 2703.9565549 563.316185853
506.382382253 912.585086589 1020.83590062 2705.80840675 563.501371038
506.382382253 912.468586589 1020.83405159 2707.6602586 563.686556224
506.382382253 912.347771774 1020.83610997 2709.50840675 563.871371038
506.382382253 912.226956959 1020.83796465 2711.3602586 564.056556224
506.382382253 912.114771774 1020.83261562 2713.20840675 564.241371038
506.382382253 911.993956959 1020.83447031 2715.0602586 564.426556224
506.382382253 911.873142144 1020.83632499 2716.91211045 564.611741409
506.382382253 911.75232733 1020.83838337 2718.7602586 564.796926594
506.382382253 911.640142144 1020.83283064 2720.61211046 564.982111779
506.382382253 911.51932733 1020.83488902 2722.4602586 565.167296965
506.382382253 911.398512515 1020.8367437 2724.31211046 565.35248215
506.382382253 911.2776977 1020.83880208 2726.1602586 565.537296965
506.382382253 911.165512515 1020.83324935 2728.01211046 565.72248215
506.382382253 911.0446977 1020.83510403 2729.86396231 565.907667335
506.382382253 910.923882885 1020.83716241 2731.71211046 566.09248215
506.382382253 910.80306807 1020.83901709 2733.56396231 566.277667335
506.382382253 910.690882885 1020.83366807 2735.41211046 566.46285252
506.382382253 910.57006807 1020.83552275 2737.26396231 566.648037706
506.382382253 910.449253256 1020.83737743 2739.11581416 566.833222891
506.382382253 910.328438441 1020.83943581 2740.96396231 567.018408076
506.382382253 910.216253256 1020.83388308 2742.81581416 567.203593261
506.382382253 910.095438441 1020.83594146 2744.66396231 567.388408076
506.382382253 909.974623626 1020.83779614 2746.51581416 567.573593261
506.382382253 909.862438441 1020.83244711 2748.36396231 567.758408076
506.382382253 909.741623626 1020.83430179 2750.21581416 567.943593261
506.382382253 909.620808811 1020.83615647 2752.06766601 568.128778447
506.382382253 909.499993996 1020.83821485 2753.91581416 568.313963632
506.382382253 909.387808811 1020.83266213 2755.76766601 568.499148817
506.382382253 909.266993996 1020.83472051 2757.61581416 568.684334002
506.382382253 909.146179181 1020.83657519 2759.46766601 568.869519187
506.382382253 909.025364367 1020.83842987 2761.31951787 569.054704373
506.382382253 908.913179181 1020.83308084 2763.16766602 569.239519188
506.382382253 908.792364367 1020.83493552 2765.01951787 569.424704373
506.382382253 908.671549552 1020.8369939 2766.86766602 569.609519188
506.382382253 908.550734737 1020.83884858 2768.71951787 569.794704373
506.382382253 908.438549552 1020.83349955 2770.56766602 569.979889558
506.382382253 908.317734737 1020.83535423 2772.41951787 570.165074743
506.382382253 908.196919922 1020.83720891 2774.27136972 570.350259928
506.382382253 908.076105107 1020.83926729 2776.11951787 570.535445114
506.382382253 907.963919922 1020.83371457 2777.97136972 570.720630299
506.382382253 907.843105107 1020.83577295 2779.81951787 570.905445114
506.382382253 907.722290293 1020.83762763 2781.67136972 571.090630299
506.382382253 907.601475478 1020.83948231 2783.52322157 571.275815484
506.382382253 907.489290293 1020.83413328 2785.37136972 571.460630299
506.382382253 907.368475478 1020.83598796 2787.22322157 571.645815484
506.382382253 907.247660663 1020.83804634 2789.07136972 571.831000669
506.382382253 907.135475478 1020.83249361 2790.92322157 572.016185855
506.382382253 907.014660663 1020.83455199 2792.77136972 572.20137104
506.382382253 906.893845848 1020.83640667 2794.62322157 572.386556225
506.382382253 906.773031033 1020.83826135 2796.47507343 572.57174141
506.382382253 906.660845848 1020.83291233 2798.32322157 572.756556225
506.382382253 906.540031033 1020.83476701 2800.17507343 572.94174141
506.382382253 906.419216219 1020.83682539 2802.02322157 573.126556225
506.382382253 906.298401404 1020.83868007 2803.87507343 573.311741411
506.382382253 906.186216219 1020.83312734 2805.72692528 573.496926596
506.382382253 906.065401404 1020.83518572 2807.57507343 573.682111781
506.382382253 905.944586589 1020.8370404 2809.42692528 573.867296966
506.382382253 905.823771774 1020.83909878 2811.27507343 574.052482151
506.382382253 905.711586589 1020.83354605 2813.12692528 574.237667337
506.382382253 905.590771774 1020.83560443 2814.97507343 574.422482151
506.382382253 905.469956959 1020.83745911 2816.82692528 574.607667337
506.382382253 905.349142144 1020.8393138 2818.67877713 574.792852522
506.382382253 905.236956959 1020.83396477 2820.52692528 574.977667337
506.382382253 905.116142144 1020.83581945 2822.37877713 575.162852522
506.382382253 904.99532733 1020.83787783 2824.22692528 575.348037707
506.382382253 904.883142144 1020.8323251 2826.07877713 575.533222892
506.382382253 904.76232733 1020.83417978 2827.93062898 575.718408078
506.382382253 904.641512515 1020.83623816 2829.77877713 575.903593263
506.382382253 904.5206977 1020.83809284 2831.63062898 576.088778448
506.382382253 904.408512515 1020.83274381 2833.47877713 576.273593263
506.382382253 904.2876977 1020.83459849 2835.33062899 576.458778448
506.382382253 904.166882885 1020.83645318 2837.18248084 576.643963633
506.382382253 904.04606807 1020.83851155 2839.03062899 576.828778448
506.382382253 903.933882885 1020.83295883 2840.88248084 577.013963633
506.382382253 903.81306807 1020.83501721 2842.73062899 577.199148819
506.382382253 903.692253256 1020.83687189 2844.58248084 577.384334004
506.382382253 903.571438441 1020.83893027 2846.43062899 577.569519189
506.382382253 903.459253256 1020.83337754 2848.28248084 577.754704374
506.382382253 903.338438441 1020.83523222 2850.13433269 577.93988956
506.382382253 903.217623626 1020.8372906 2851.98248084 578.124704374
506.382382253 903.096808811 1020.83914528 2853.83433269 578.30988956
506.382382253 902.984623626 1020.83379625 2855.68248084 578.494704374
506.382382253 902.863808811 1020.83565094 2857.53433269 578.67988956
506.382382253 902.742993996 1020.83750562 2859.38618454 578.865074745
506.382382253 902.626493996 1020.83586029 2861.23433269 579.05025993
506.382382253 902.509993996 1020.83401127 2863.08618454 579.235445115
506.382382253 902.389179181 1020.83606965 2864.93433269 579.420630301
506.382382253 902.268364367 1020.83792433 2866.78618454 579.605815486
506.382382253 902.156179181 1020.8325753 2868.63433269 579.790630301
506.382382253 902.035364367 1020.83442998 2870.48618454 579.975815486
506.382382253 901.914549552 1020.83628466 2872.3380364 580.161000671
506.382382253 901.793734737 1020.83834304 2874.18618454 580.345815486
506.382382253 901.681549552 1020.83279032 2876.0380364 580.531000671
506.382382253 901.560734737 1020.83484869 2877.88618455 580.716185856
506.382382253 901.439919922 1020.83670338 2879.7380364 580.901371042
506.382382253 901.319105107 1020.83855806 2881.58988825 581.086556227
506.382382253 901.206919922 1020.83320903 2883.4380364 581.271741412
506.382382253 901.086105107 1020.83506371 2885.28988825 581.456926597
506.382382253 900.965290293 1020.83712209 2887.1380364 581.641741412
506.382382253 900.844475478 1020.83897677 2888.98988825 581.826926597
506.382382253 900.732290293 1020.83362774 2890.8380364 582.011741412
506.382382253 900.611475478 1020.83548242 2892.68988825 582.196926597
506.382382253 900.490660663 1020.8373371 2894.5417401 582.382111783
506.382382253 900.369845848 1020.83939548 2896.38988825 582.567296968
506.382382253 900.257660663 1020.83384276 2898.2417401 582.752482153
506.382382253 900.136845848 1020.83590114 2900.08988825 582.937667