LIT101 LIT301 LIT401 LS601 LS602
465.278956375 390.473815542 466.443977734 307.388780196 330.637447624
465.20514156 390.370250727 467.310127285 308.307298715 331.464114291
465.126437856 390.263769246 468.1851287 309.233224641 332.297447624
465.047734152 390.157287764 469.060231964 310.157298715 333.129114291
464.969030449 390.050806283 469.935233378 311.083224641 333.962447624
464.890326745 389.944324801 470.810336642 312.007298715 334.794114291
464.811623041 389.83784332 471.685338056 312.933224641 335.627447624
464.732919338 389.731361838 472.560339471 313.859150567 336.460780957
464.654215634 389.624880357 473.435442734 314.783224641 337.292447624
464.57551193 389.518398875 474.310444149 315.709150567 338.125780957
464.496808227 389.411917394 475.185547413 316.633224641 338.957447624
464.418104523 389.305435913 476.060548827 317.559150567 339.790780957
464.339400819 389.198954431 476.935550242 318.485076493 340.624114291
464.260697115 389.09247295 477.810653505 319.409150567 341.455780957
464.181993412 388.985991468 478.68565492 320.335076493 342.289114291
464.103289708 388.879509987 479.560758183 321.259150567 343.120780957
464.024586004 388.773028505 480.435759598 322.185076493 343.954114291
463.945882301 388.666547024 481.310862862 323.109150567 344.785780957
463.867178597 388.560065542 482.185864276 324.035076493 345.619114291
463.788474893 388.453584061 483.060865691 324.961002419 346.452447624
463.70977119 388.347102579 483.935968954 325.885076493 347.284114291
463.631067486 388.240621098 484.810970369 326.811002419 348.117447624
463.552363782 388.134139616 485.686073632 327.735076493 348.949114291
463.473660079 388.027658135 486.561075047 328.661002419 349.782447624
463.394956375 387.921176653 487.436076461 329.586928345 350.615780957
463.316252671 387.814695172 488.311179725 330.511002419 351.447447624
463.237548968 387.70821369 489.18618114 331.436928345 352.280780957
463.158845264 387.601732209 490.061284403 332.361002419 353.112447624
463.08014156 387.495250727 490.936285818 333.286928345 353.945780957
463.001437856 387.388769246 491.811389081 334.211002419 354.777447624
462.922734153 387.282287764 492.686390496 335.136928345 355.610780957
462.844030449 387.175806283 493.56139191 336.062854271 356.444114291
462.765326745 387.069324801 494.436495174 336.986928345 357.275780957
462.686623042 386.96284332 495.311496588 337.912854271 358.109114291
462.607919338 386.856361839 496.186599852 338.836928345 358.940780957
462.529215634 386.749880357 497.061601267 339.762854271 359.774114291
462.450511931 386.643398876 497.936602681 340.688780197 360.607447624
462.371808227 387.565195172 497.889483723 341.612854271 360.535410587
462.293104523 388.491121098 497.838559211 342.538780197 360.442817994
462.21440082 389.417047024 497.787736549 343.462854271 360.348558735
462.135697116 390.34297295 497.736812038 344.388780197 360.255966142
462.056993412 391.268898876 497.685989375 345.312854271 360.16337355
461.978289709 392.194824802 497.635064864 346.238780197 360.070780957
461.899586005 393.120750728 497.584140353 347.164706123 360.715225401
461.820882301 394.046676653 497.53331769 348.088780197 361.548558735
461.742178598 394.972602579 497.482393179 349.014706123 362.381892068
461.663474894 395.898528505 497.431570517 349.938780197 363.213558735
461.58477119 396.824454431 497.380646005 350.864706123 364.046892068
461.506067486 397.750380357 497.329721494 351.790632049 364.880225401
461.427363783 398.060991468 497.830750684 352.714706123 365.711892068
461.348660079 397.954509987 498.705752098 353.640632049 366.545225401
461.269956375 397.848028505 499.580855362 354.564706123 367.378558735
461.191252672 397.741547024 500.455856776 355.490632049 368.211892068
461.112548968 397.635065542 501.33096004 356.414706123 369.045225401
461.033845264 397.528584061 502.205961454 357.340632049 369.878558735
460.955141561 397.422102579 503.080962869 358.266557975 370.711892068
460.876437857 397.315621098 503.956066132 359.190632049 371.543558735
460.797734153 397.209139617 504.831067547 360.116557975 372.376892068
460.71903045 397.102658135 505.706170811 361.040632049 373.208558735
460.640326746 396.996176654 506.581172225 361.966557975 374.041892068
460.561623042 396.889695172 507.45617364 362.892483901 374.875225401
460.482919339 396.783213691 508.331276903 363.816557975 375.708558735
460.404215635 396.676732209 509.206278318 364.742483901 376.541892068
460.325511931 396.570250728 510.081381581 365.666557975 377.375225401
460.246808227 396.463769246 510.956382996 366.592483901 378.208558735
460.168104524 396.357287765 511.831486259 367.516557975 379.040225401
460.08940082 396.250806283 512.706487674 368.442483901 379.873558734
460.010697116 396.144324802 513.581489089 369.368409827 380.706892068
459.931993413 396.03784332 514.456592352 370.292483901 381.538558734
459.853289709 395.931361839 515.331593767 371.218409827 382.371892068
459.774586005 395.824880357 516.206697031 372.142483901 383.205225401
459.695882302 395.718398876 517.081698445 373.068409827 384.038558734
459.617178598 395.611917394 517.95669986 373.994335753 384.871892068
459.538474894 395.505435913 518.831803123 374.918409827 385.705225401
459.459771191 395.398954431 519.706804538 375.844335753 386.538558734
459.381067487 395.29247295 520.581907802 376.768409827 387.370225401
459.302363783 395.185991468 521.456909216 377.694335753 388.203558734
459.223660079 395.079509987 522.33201248 378.618409827 389.035225401
459.144956376 394.973028506 523.207013894 379.544335753 389.868558734
459.066252672 394.866547024 524.082015309 380.470261679 390.701892068
458.987548968 394.760065543 524.957118573 381.394335753 391.535225401
458.908845265 394.653584061 525.832119987 382.320261679 392.368558734
458.830141561 394.54710258 526.707223251 383.244335753 393.201892068
458.751437857 394.440621098 527.582224666 384.170261679 394.035225401
458.672734154 394.334139617 528.45722608 385.096187605 394.868558734
458.59403045 395.255935913 528.410107122 386.020261679 394.796521697
458.515326746 396.181861839 528.35918261 386.946187605 394.703929105
458.436623043 397.107787765 528.308359948 387.870261679 394.609669845
458.357919339 398.033713691 528.257435436 388.796187605 394.517077253
458.279215635 398.959639617 528.206510925 389.722113531 394.42448466
458.200511932 399.885565543 528.155688263 390.646187605 394.331892068
458.121808228 400.811491469 528.104763751 391.572113531 394.976336512
458.043104524 401.737417395 528.053941089 392.496187605 395.809669845
457.964400821 402.66334332 528.003016578 393.422113531 396.643003179
457.885697117 403.589269246 527.952193915 394.346187605 397.474669845
457.806993413 404.515195172 527.901269404 395.272113531 398.308003179
457.72828971 405.441121098 527.850344893 396.198039457 399.141336512
457.649586006 405.751732209 528.351374082 397.122113531 399.973003179
457.570882302 405.645250728 529.226375497 398.048039457 400.806336512
457.492178599 405.538769246 530.10147876 398.972113531 401.639669845
457.413474895 405.432287765 530.976480175 399.898039457 402.473003179
457.334771191 405.325806284 531.85148159 400.823965383 403.306336512
457.256067487 405.219324802 532.726584853 401.748039457 404.139669845
457.177363784 405.112843321 533.601586268 402.673965383 404.973003179
457.09866008 405.006361839 534.476689532 403.598039457 405.804669845
457.019956376 404.899880358 535.351690946 404.523965383 406.638003179
456.941252673 404.793398876 536.22679421 405.448039457 407.469669845
456.862548969 404.686917395 537.101795624 406.373965383 408.303003179
456.783845265 404.580435913 537.976797039 407.299891309 409.136336512
456.705141562 404.473954432 538.851900303 408.223965383 409.969669845
456.626437858 404.36747295 539.726901717 409.149891309 410.803003179
456.547734154 404.260991469 540.602004981 410.073965383 411.636336512
456.469030451 404.154509987 541.477006396 410.999891309 412.469669845
456.390326747 404.048028506 542.35200781 411.925817235 413.303003179
456.311623043 403.941547024 543.227111074 412.849891309 414.134669845
456.23291934 403.835065543 544.102112488 413.775817235 414.968003179
456.154215636 403.728584061 544.977215752 414.699891309 415.799669845
456.075511932 403.62210258 545.852217167 415.625817235 416.633003179
455.996808228 403.515621098 546.72732043 416.549891309 417.466336512
455.918104525 403.409139617 547.602321845 417.475817235 418.299669845
455.839400821 403.302658135 548.477323259 418.401743161 419.133003179
455.760697117 403.196176654 549.352426523 419.325817235 419.966336512
455.681993414 403.089695172 550.227427938 420.251743161 420.799669845
455.60328971 402.983213691 551.102531201 421.175817235 421.631336512
455.524586006 402.87673221 551.977532616 422.101743161 422.464669845
455.445882302 402.770250728 552.85253403 423.027669087 423.298003179
455.367178599 402.663769247 553.727637294 423.951743161 424.129669845
455.288474895 402.557287765 554.602638709 424.877669087 424.963003179
455.209771191 402.450806284 555.477741972 425.801743161 425.796336512
455.131067488 402.344324802 556.352743387 426.727669087 426.629669845
455.052363784 402.237843321 557.227846651 427.651743161 427.463003179
454.97366008 402.131361839 558.102848065 428.577669087 428.296336512
454.894956377 402.024880358 558.97784948 429.503595013 429.129669845
454.816252673 402.946676654 558.930730521 430.427669087 429.057632808
454.737548969 403.87260258 558.87980601 431.353595013 428.965040216
454.658845266 404.798528506 558.828983347 432.277669087 428.870780956
454.580141562 405.724454432 558.778058836 433.203595013 428.778188364
454.501437858 406.650380358 558.727134325 434.129520939 428.685595771
454.422734154 407.576306284 558.676311662 435.053595013 428.593003179
454.344030451 408.50223221 558.625387151 435.979520939 429.237447623
454.265326747 409.428158136 558.574564489 436.903595013 430.070780956
454.186623043 410.354084062 558.523639977 437.829520939 430.90411429
454.10791934 411.280009987 558.472817315 438.753595013 431.735780956
454.029215636 412.205935913 558.421892804 439.679520939 432.56911429
453.950511932 413.131861839 558.370968292 440.605446865 433.402447623
453.871808229 413.44247295 558.871997482 441.529520939 434.23411429
453.793104525 413.335991469 559.746998896 442.455446865 435.067447623
453.714400821 413.229509987 560.62210216 443.379520939 435.900780956
453.635697118 413.123028506 561.497103575 444.305446865 436.73411429
453.556993414 413.016547025 562.372104989 445.231372791 437.567447623
453.47828971 412.910065543 563.247208253 446.155446865 438.400780956
453.399586007 412.803584062 564.122209668 447.081372791 439.23411429
453.320882303 412.69710258 564.997312931 448.005446865 440.065780956
453.242178599 412.590621099 565.872314346 448.931372791 440.89911429
453.163474896 412.484139617 566.747417609 449.855446865 441.730780956
453.084771192 412.377658136 567.622419024 450.781372791 442.56411429
453.006067488 412.271176654 568.497420439 451.707298717 443.397447623
452.927363784 412.164695173 569.372523702 452.631372791 444.230780956
452.848660081 412.058213691 570.247525117 453.557298717 445.06411429
452.769956377 411.95173221 571.12262838 454.481372791 445.897447623
452.691252673 411.845250728 571.997629795 455.407298717 446.730780956
452.61254897 411.738769247 572.87263121 456.333224643 447.56411429
452.533845266 411.632287765 573.747734473 457.257298717 448.395780956
452.455141562 411.525806284 574.622735888 458.183224643 449.22911429
452.376437859 411.419324802 575.497839152 459.107298717 450.060780956
452.297734155 411.312843321 576.372840566 460.033224643 450.89411429
452.219030451 411.20636184 577.247841981 460.959150569 451.727447623
452.140326748 411.099880358 578.122945244 461.883224643 452.560780956
452.061623044 410.993398877 578.997946659 462.809150569 453.39411429
451.98291934 410.886917395 579.873049923 463.733224643 454.227447623
451.904215637 410.780435914 580.748051337 464.659150569 455.060780956
451.825511933 410.673954432 581.623154601 465.583224643 455.892447623
451.746808229 410.567472951 582.498156016 466.509150569 456.725780956
451.668104526 410.460991469 583.37315743 467.435076495 457.55911429
451.589400822 410.354509988 584.248260694 468.359150569 458.390780956
451.510697118 410.248028506 585.123262108 469.285076495 459.22411429
451.431993415 410.141547025 585.998365372 470.209150569 460.057447623
451.353289711 410.035065544 586.873366787 471.135076495 460.890780956
451.274586007 409.928584062 587.748368201 472.061002421 461.724114289
451.195882304 409.822102581 588.623471465 472.985076495 462.557447623
451.1171786 409.715621099 589.49847288 473.911002421 463.390780956
451.038474896 410.637417395 589.451353921 474.835076495 463.318743919
450.959771193 411.563343321 589.40042941 475.761002421 463.226151326
450.881067489 412.489269247 589.349606747 476.685076495 463.131892067
450.802363785 413.415195173 589.298682236 477.611002421 463.039299475
450.723660081 414.341121099 589.247757724 478.536928347 462.946706882
450.644956378 415.267047025 589.196935062 479.461002421 462.854114289
450.566252674 416.192972951 589.146010551 480.386928347 463.498558734
450.48754897 417.118898877 589.095187888 481.311002421 464.331892067
450.408845267 418.044824803 589.044263377 482.236928347 465.1652254
450.330141563 418.970750729 588.993338866 483.162854273 465.998558734
450.251437859 419.896676655 588.942516203 484.086928347 466.8302254
450.172734156 420.822602581 588.891591692 485.012854273 467.663558734
450.094030452 421.133213692 589.392620882 485.936928347 468.4952254
450.015326748 421.02673221 590.267622296 486.862854273 469.328558734
449.936623045 420.920250729 591.14272556 487.786928347 470.161892067
449.857919341 420.813769247 592.017726974 488.712854273 470.9952254
449.779215637 420.707287766 592.892728389 489.638780199 471.828558734
449.700511934 420.600806284 593.767831653 490.562854273 472.661892067
449.62180823 420.494324803 594.642833067 491.488780199 473.4952254
449.543104526 420.387843322 595.517936331 492.412854273 474.326892067
449.464400823 420.28136184 596.392937745 493.338780199 475.1602254
449.385697119 420.174880359 597.26793916 494.264706125 475.993558734
449.306993415 420.068398877 598.143042424 495.188780199 476.8252254
449.228289712 419.961917396 599.018043838 496.114706125 477.658558734
449.149586008 419.855435914 599.893147102 497.038780199 478.491892067
449.070882304 419.748954433 600.768148516 497.964706125 479.3252254
448.992178601 419.642472951 601.64325178 498.888780199 480.158558734
448.913474897 419.53599147 602.518253195 499.814706125 480.991892067
448.834771193 419.429509988 603.393254609 500.740632051 481.8252254
448.756067489 419.323028507 604.268357873 501.664706125 482.656892067
448.677363786 419.216547025 605.143359287 502.590632051 483.4902254
448.598660082 419.110065544 606.018462551 503.514706125 484.321892067
448.519956378 419.003584062 606.893463966 504.440632051 485.1552254
448.441252675 418.897102581 607.76846538 505.366557977 485.988558734
448.362548971 418.790621099 608.643568644 506.290632051 486.821892067
