[11001111]
[01111110]
[11111111]
[11101111]
[10110111]
[11110111]
[11001011]
[11100111]
[10001011]
[11011011]
[11111011]
[10111111]
[11011111]
[11110011]
[10101111]
[10111011]
[10001111]
[11101011]
[10001010]
[10011011]
[01111111]
[01100000]
[10111110]
[11110101]
[10101011]
[00101011]
[01111000]
[11110110]
[10010011]
[10010111]
[11011001]
[10011111]
[00011011]
[01011110]
[01010010]
[01110010]
[00110010]
[11010110]
[10111001]
[11101001]
[01101111]
[00101010]
[01111010]
[00001110]
[01011010]
[00011000]
[01101110]
[00111000]
[10100100]
[10000111]
[00111011]
[11111110]
[10000011]
[00011111]
[11000111]
[10100111]
[11111101]
[00111111]
[01101100]
[01011100]
[11011110]
[11110001]
[01001111]
[11000010]
[01001011]
[11001101]
[10111100]
[10110011]
[11111100]
[10111101]
[01110111]
[00001000]
[11001110]
[01001100]
[11101110]
[10100101]
[11000011]
[01000110]
[00101110]
[01001000]
[01001010]
[11101101]
[01111011]
[01100110]
[00100100]
[00100110]
[00110111]
[01010000]
[10110100]
[10101001]
[00001111]
[01101010]
[10011000]
[01111101]
[11110000]
[10100011]
[01101101]
[11010010]
[00110000]
[00001011]
[00011110]
[00011010]
[01111100]
[01101000]
[11101010]
[11010011]
[01110110]
[00010000]
[00101111]
[01110100]
[10110110]
[11100110]
[01101011]
[00010110]
[10010100]
[11100011]
[11010111]
[00111001]
[01011111]
[11111001]
[10101101]
[01011011]
[11111010]
[11100101]
[00001010]
[00000011]
[01011000]
[00111110]
[10110101]
[10101110]
[10001110]
[10011110]
[01110011]
[00011001]
[00111100]
[00110100]
[00110110]
[01010100]
[10100010]
[10000101]
[11110010]
[11100001]
[11111000]
[10110001]
[11100000]
[00100111]
[01100010]
[11011100]
[11001100]
[11101100]
[11100010]
[11011010]
[00100011]
[00100010]
[00101100]
[00011100]
[00001101]
[10001000]
[10111010]
[00110101]
[11110100]
[00101000]
[01001110]
[11001010]
[10000100]
[01000010]
[10100001]
[10001101]
[11011000]
[00001100]
[00111010]
[01110000]
[10100110]
[01010110]
[10011101]
[01000100]
[11001000]
[11000001]
[01011001]
[01100100]
[00000100]
[01110101]
[11011101]
[00100000]
[01101001]
[11100100]
[10000001]
[01100111]
[10010110]
[00110011]
[10011100]
[11000101]
[00010010]
[01001101]
[11000000]
[01100011]
[10000010]
[10111000]
[00010100]
[01010111]
[11101000]
[00111101]
[10011010]
[10001001]
[10010010]
[10101000]
[11010100]
[00101101]
[11001001]
[00000111]
[10001100]
[10110010]
[01001001]
[11000100]
[10010000]
[10110000]
[00011101]
[10100000]
[00100101]
[01011101]
[11010101]
[11000110]
[10011001]
[01000111]
[01110001]
[00010111]
[10101100]
[00010011]
[01100101]
[01111001]
[10000000]
[10010101]
[01000000]
[00101001]
[00110001]
[00000010]
[11010000]
[00000000]
[01000011]
[10101010]
[01100001]
[00000110]
[10000110]
[10010001]
[00001001]
[00100001]
[11010001]
[01010011]
[01000001]
[00000001]
[00000101]
[01010101]
[01000101]

