LIT101 LIT301 LIT401 LS601 LS602
546.18232652 250.2905729 309.242566286 583.994564919 425.88496043
543.904437631 249.988396974 310.983717252 585.839009363 426.069404875
541.617400594 249.682841419 312.733821931 587.689009363 426.254404875
539.330363557 249.377285863 314.483926609 589.539009363 426.439404875
537.04332652 249.071730308 316.234031287 591.389009363 426.624404875
534.756289483 248.766174752 317.984135965 593.239009363 426.809404875
532.469252446 248.460619196 319.734138794 595.090861215 426.99459006
530.182215409 248.155063641 321.484243472 596.940861215 427.17959006
527.895178372 247.849508085 323.23434815 598.790861215 427.36459006
525.608141335 247.54395253 324.984452828 600.640861214 427.54959006
523.321104298 247.238396974 326.734557507 602.490861214 427.73459006
521.034067261 246.932841419 328.484662185 604.340861214 427.91959006
518.747030224 246.627285863 330.234665014 606.192713066 428.104775245
516.459993187 246.321730308 331.984769692 608.042713066 428.289775245
514.17295615 246.016174752 333.73487437 609.892713066 428.474775245
511.885919113 245.710619196 335.484979048 611.742713066 428.659775246
509.598882076 245.405063641 337.235083726 613.592713066 428.844775246
507.311845038 245.099508085 338.985188404 615.442713066 429.029775246
505.024808001 245.001063641 340.557413456 617.294564917 429.214960431
502.737770964 245.001859937 342.044555171 619.144564917 429.399960431
500.450733927 245.002656233 343.531696886 620.994564917 429.584960431
499.869530224 245.001295122 345.020690453 622.844564917 429.769960431
499.712122816 244.999934011 346.50968402 624.694564917 429.954960431
499.554715409 245.000730307 347.996825735 626.544564917 430.139960431
499.397308002 245.001526604 349.483865601 628.396416769 430.325145616
499.239900594 245.0023229 350.971007317 630.246416769 430.510145616
499.082493187 245.003119196 352.458149032 632.096416769 430.695145616
498.925085779 244.999600678 353.948994451 633.946416769 430.880145616
498.767678372 245.000396974 355.436136166 635.796416769 431.065145616
498.610270965 245.00119327 356.923277881 637.646416768 431.250145616
498.452863557 245.001989567 358.410317747 639.49826862 431.435330802
498.29545615 245.002785863 359.897459462 641.34826862 431.620330802
498.138048743 245.001424752 361.386453029 643.19826862 431.805330802
497.980641335 245.000063641 362.875446596 645.04826862 431.990330802
497.823233928 245.000859937 364.362588312 646.89826862 432.175330802
497.66582652 245.001656233 365.849730027 648.74826862 432.360330802
497.508419113 245.002452529 367.336769893 650.600120472 432.545515987
497.351011706 246.849989566 367.238726423 652.450120472 430.901071543
497.193604298 248.701841418 367.136979249 654.300120472 429.234219691
497.036196891 250.55369327 367.035232076 656.150120472 427.567367839
496.878789484 252.405545122 366.933484902 658.000120471 425.900701172
496.721382076 254.257396974 366.831737728 659.850120471 424.234034506
496.563974669 256.109248826 366.729888706 661.701972323 422.567367839
496.406567262 257.961100677 366.628141532 663.551972323 422.378293765
496.249159854 259.812952529 366.526394359 665.401972323 422.563293765
496.091752447 261.664804381 366.424647185 667.251972323 422.74847895
495.934345039 263.516656233 366.322900011 669.101972323 422.933664136
495.776937632 265.368508085 366.221152838 670.951972323 423.118664136
495.619530225 267.220359937 366.119303815 672.803824175 423.303849321
495.462122817 267.782082159 367.124964049 674.653824175 423.488849321
495.30471541 267.476526604 368.875068727 676.503824175 423.674034506
495.147308003 267.170971048 370.625173405 678.353824175 423.859219692
494.989900595 266.865415493 372.375278083 680.203824175 424.044219692
494.832493188 266.559859937 374.125382761 682.053824175 424.229219692
494.675085781 266.254304382 375.87538559 683.905676026 424.414404877
494.517678373 265.948748826 377.625490268 685.755676026 424.599590062
494.360270966 265.643193271 379.375594947 687.605676026 424.784775247
494.202863559 265.337637715 381.125699625 689.455676026 424.969775247
494.045456151 265.03208216 382.875804303 691.305676026 425.154775247
493.888048744 264.726526604 384.625908981 693.155676026 425.339960433
493.730641336 264.420971049 386.37591181 695.007527878 425.525145618
493.573233929 264.115415493 388.126016488 696.857527878 425.710330803
493.415826522 263.809859937 389.876121166 698.707527878 425.895330803
493.258419114 263.504304382 391.626225844 700.557527877 426.080330803
493.101011707 263.198748826 393.376330522 702.407527877 426.265515988
492.943604299 262.893193271 395.126435201 704.257527877 426.450701174
492.786196892 262.587637715 396.87643803 706.109379729 426.635886359
492.628789484 262.28208216 398.626542708 707.959379729 426.820886359
492.471382077 261.976526604 400.376647386 709.809379729 427.005886359
492.31397467 261.670971049 402.126752064 711.659379729 427.191071544
492.156567262 261.365415493 403.876856742 713.509379729 427.376256729
491.999159855 261.059859938 405.62696142 715.359379729 427.561256729
491.841752447 260.754304383 407.376964249 717.21123158 427.746441914
491.68434504 260.448748827 409.127068928 719.06123158 427.931441915
491.526937633 260.143193272 410.877173606 720.91123158 428.1166271
491.369530225 259.837637716 412.627278284 722.76123158 428.301812285
491.212122818 259.532082161 414.377382962 724.61123158 428.486812285
491.054715411 259.226526605 416.12748764 726.46123158 428.671812285
490.897308003 258.92097105 417.877490469 728.313083432 428.85699747
490.739900596 258.615415494 419.627595147 730.163083432 429.042182655
490.582493189 258.309859939 421.377699825 732.013083432 429.227367841
490.425085781 258.004304383 423.127804503 733.863083432 429.412367841
490.267678374 257.698748827 424.877909182 735.713083431 429.597367841
490.110270967 257.393193272 426.627912011 737.564935283 429.782553026
489.952863559 257.087637716 428.378016689 739.414935283 429.967738211
489.795456152 258.935174753 428.279973219 741.264935283 428.323293767
489.638048744 260.787026605 428.178226045 743.114935283 426.656441915
489.480641337 262.638878457 428.076478872 744.964935283 424.989590063
489.32323393 264.490730309 427.974731698 746.814935283 423.322923396
489.165826522 266.342582161 427.872882675 748.666787135 421.65625673
489.008419115 268.194434013 427.771135502 750.516787135 419.989590063
488.851011708 270.046285865 427.669388328 752.366787135 419.800515989
488.6936043 271.898137717 427.567641154 754.216787135 419.985515989
488.536196893 273.749989569 427.465893981 756.066787135 420.170701174
488.378789486 275.60184142 427.364146807 757.916787135 420.35588636
488.221382078 277.453693272 427.262297785 759.768638986 420.541071545
488.063974671 279.305545124 427.160550611 761.618638986 420.726071545
487.906567264 279.867267346 428.166210845 763.468638986 420.911071545
487.749159856 279.561711791 429.916315523 765.318638986 421.09625673
487.591752449 279.256156235 431.666420201 767.168638986 421.281441916
487.434345041 278.95060068 433.416524879 769.018638986 421.466441916
487.276937634 278.645045124 435.166527708 770.870490838 421.651627101
487.119530227 278.339489569 436.916632386 772.720490838 421.836627101
486.962122819 278.033934013 438.666737064 774.570490838 422.021812286
486.804715412 277.728378458 440.416841743 776.420490838 422.206997471
486.647308005 277.422822902 442.166946421 778.270490838 422.391997471
486.489900597 277.117267347 443.917051099 780.120490838 422.576997471
486.33249319 276.811711791 445.667053928 781.972342689 422.762182656
486.175085783 276.506156235 447.417158606 783.822342689 422.947367842
486.017678375 276.20060068 449.167263284 785.672342689 423.132553027
485.860270968 275.895045124 450.917367962 787.522342689 423.317553027
485.702863561 275.589489569 452.66747264 789.372342689 423.502553027
485.545456153 275.283934013 454.417577318 791.222342689 423.687738212
485.388048746 274.978378458 456.167580147 793.074194541 423.872923397
485.230641338 274.672822902 457.917684826 794.924194541 424.058108583
485.073233931 274.367267347 459.667789504 796.774194541 424.243108583
484.915826524 274.061711791 461.417894182 798.624194541 424.428108583
484.758419116 273.756156236 463.16799886 800.474194541 424.613293768
484.601011709 273.45060068 464.918103538 802.32419454 424.798478953
484.443604302 273.145045124 466.668106367 804.176046392 424.983664138
484.286196894 272.839489569 468.418211045 806.026046392 425.168664138
484.128789487 272.533934013 470.168315724 807.876046392 425.353664138
483.97138208 272.228378458 471.918420402 809.726046392 425.538849324
483.813974672 271.922822903 473.66852508 811.576046392 425.724034509
483.656567265 271.617267347 475.418629758 813.426046391 425.909034509
483.499159858 271.311711792 477.168632587 815.277898243 426.094219694
483.34175245 271.006156236 478.918737265 817.127898243 426.279219694
483.184345043 270.700600681 480.668841943 818.977898243 426.464404879
483.026937635 270.395045125 482.418946621 820.827898243 426.649590065
482.869530228 270.08948957 484.169051299 822.677898243 426.834590065
482.712122821 269.783934014 485.919155977 824.527898242 427.019590065
482.554715413 269.478378459 487.669158806 826.379750094 427.20477525
482.397308006 269.172822903 489.419263485 828.229750094 427.389960435
482.239900599 271.02035994 489.321220015 830.079750094 425.745515991
482.082493191 272.872211792 489.219472841 831.929750094 424.078664139
481.925085784 274.724063644 489.117725667 833.779750094 422.411812287
481.767678377 276.575915496 489.015978494 835.629750094 420.74514562
481.610270969 278.427767348 488.914129471 837.481601946 419.078478954
481.452863562 280.2796192 488.812382298 839.331601946 417.411812287
481.295456155 282.131471052 488.710635124 841.181601946 417.222738213
481.138048747 283.983322903 488.60888795 843.031601946 417.407738213
480.98064134 285.835174755 488.507140777 844.881601946 417.592923398
480.823233932 287.687026607 488.405393603 846.731601946 417.778108584
480.665826525 289.538878459 488.30354458 848.583453797 417.963293769
480.508419118 291.390730311 488.201797407 850.433453797 418.148293769
480.35101171 291.952452533 489.20745764 852.283453797 418.333293769
480.193604303 291.646896978 490.957562319 854.133453797 418.518478954
480.036196896 291.341341422 492.707666997 855.983453797 418.703664139
479.878789488 291.035785867 494.457771675 857.833453797 418.888664139
479.721382081 290.730230311 496.207774504 859.685305649 419.073849325
479.563974674 290.424674756 497.957879182 861.535305648 419.258849325
479.406567266 290.1191192 499.70798386 863.385305648 419.44403451
479.249159859 289.813563645 501.458088538 865.235305648 419.629219695
479.091752452 289.508008089 503.208193216 867.085305648 419.814219695
478.934345044 289.202452534 504.958297895 868.935305648 419.999219695
478.776937637 288.896896978 506.708300724 870.7871575 420.184404881
478.619530229 288.591341423 508.458405402 872.6371575 420.369590066
478.462122822 288.285785867 510.20851008 874.4871575 420.554775251
478.304715415 287.980230312 511.958614758 876.3371575 420.739775251
478.147308007 287.674674756 513.708719436 878.1871575 420.924775251
477.9899006 287.369119201 515.458722265 880.039009352 421.109960437
477.832493193 287.063563645 517.208826944 881.889009352 421.295145622
477.675085785 286.75800809 518.958931622 883.739009352 421.480330807
477.517678378 286.452452534 520.7090363 885.589009352 421.665330807
477.360270971 286.146896979 522.459140978 887.439009352 421.850330807
477.202863563 285.841341423 524.209245656 889.289009352 422.035515993
477.045456156 285.535785868 525.959248486 891.140861204 422.220701178
476.888048749 285.230230313 527.709353164 892.990861204 422.405886363
476.730641341 284.924674757 529.459457842 894.840861204 422.590886363
476.573233934 284.619119202 531.20956252 896.690861204 422.775886363
476.415826526 284.313563646 532.959667199 898.540861203 422.961071549
476.258419119 284.008008091 534.709771877 900.390861203 423.146256734
476.101011712 283.702452535 536.459774706 902.242713055 423.331441919
475.943604304 283.39689698 538.209879384 904.092713055 423.516441919
475.786196897 283.091341424 539.959984063 905.942713055 423.701441919
475.62878949 282.785785869 541.710088741 907.792713055 423.886627105
475.471382082 282.480230313 543.460193419 909.642713055 424.07181229
475.313974675 282.174674758 545.210298097 911.492713055 424.25681229
475.156567268 281.869119202 546.960300927 913.344564907 424.441997475
474.99915986 281.563563647 548.710405605 915.194564907 424.626997475
474.841752453 281.258008091 550.460510283 917.044564907 424.812182661
474.684345046 283.105545128 550.362466813 918.894564907 423.167738216
474.526937638 284.95739698 550.260719639 920.744564907 421.500886364
474.369530231 286.809248832 550.158972466 922.594564907 419.834034513
474.212122823 288.661100684 550.057123443 924.446416759 418.167367846
474.054715416 290.512952536 549.955376269 926.296416759 416.500701179
473.897308009 292.364804388 549.853629096 928.146416759 414.834034513
473.739900601 294.21665624 549.751881922 929.996416759 414.644960439
473.582493194 296.068508091 549.650134748 931.846416759 414.829960439
473.425085787 297.920359943 549.548387575 933.696416759 415.015145624
473.267678379 299.772211795 549.446538552 935.54826861 415.200330809
473.110270972 301.624063647 549.344791378 937.39826861 415.385515994
472.952863565 303.475915499 549.243044204 939.24826861 415.570515995
472.795456157 304.037637721 550.248704438 941.09826861 415.755515995
472.63804875 303.732082166 551.998809116 942.94826861 415.94070118
472.480641342 303.42652661 553.748913795 944.79826861 416.125886365
472.323233935 303.120971055 555.498916624 946.650120462 416.31107155
472.165826528 302.815415499 557.249021302 948.500120462 416.496071551
472.00841912 302.509859944 558.99912598 950.350120462 416.681071551
471.851011713 302.204304388 560.749230659 952.200120462 416.866256736
471.693604306 301.898748833 562.499335337 954.050120462 417.051441921
471.536196898 301.593193277 564.249440015 955.900120462 417.236441921
471.378789491 301.287637722 565.999442844 957.751972314 417.421627107
471.221382084 300.982082166 567.749547523 959.601972314 417.606627107
471.063974676 300.676526611 569.499652201 961.451972314 417.791812292
470.906567269 300.370971055 571.249756879 963.301972314 417.976997477
470.749159862 300.0654155 572.999861557 965.151972314 418.161997477
470.591752454 299.759859944 574.749966236 967.001972314 418.346997477
470.434345047 299.454304389 576.499969065 968.853824165 418.532182663
470.276937639 299.148748833 578.250073743 970.703824165 418.717367848
470.119530232 298.843193278 580.000178421 972.553824165 418.902553033
469.962122825 298.537637723 581.7502831 974.403824165 419.087553033
469.804715417 298.232082167 583.500387778 976.253824165 419.272553033
469.64730801 297.926526612 585.250492456 978.103824165 419.457738219
469.489900603 297.620971056 587.000495285 979.955676017 419.642923404
469.332493195 297.315415501 588.750599964 981.805676017 419.828108589
469.175085788 297.009859945 590.500704642 983.655676017 420.013108589
469.017678381 296.70430439 592.25080932 985.505676017 420.198108589
468.860270973 296.398748834 594.000913998 987.355676017 420.383293775
468.702863566 296.093193279 595.751018677 989.205676017 420.56847896
468.545456159 295.787637723 597.501021506 991.057527869 420.753664145
468.388048751 295.482082168 599.251126184 992.907527869 420.938664145
468.230641344 295.176526612 601.001230862 994.757527869 421.123664145
468.073233936 294.870971057 602.751335541 996.607527869 421.308849331
467.915826529 294.565415501 604.501440219 998.457527869 421.494034516
467.758419122 294.259859946 606.251544897 1000.30752787 421.679034516
467.601011714 293.95430439 608.001547726 1002.15937972 421.864219701
467.443604307 293.648748835 609.751652405 1004.00937972 422.049219701
467.2861969 293.343193279 611.501757083 1005.85937972 422.234404887
467.128789492 295.190730316 611.403713613 1007.70937972 420.589960442
466.971382085 297.042582168 611.301966439 1009.55937972 418.92310859
466.813974678 298.89443402 611.200219265 1011.40937972 417.256256738
466.65656727 300.746285872 611.098370243 1013.26123157 415.589590072
466.499159863 302.598137724 610.996623069 1015.11123157 413.922923405
466.341752456 304.449989576 610.894875895 1016.96123157 412.256256738
466.184345048 306.301841428 610.793128722 1018.81123157 412.067182664
466.026937641 308.15369328 610.691381548 1020.66123157 412.252182665
465.869530233 310.005545131 610.589634374 1022.51123157 412.43736785
465.712122826 311.857396983 610.487785352 1024.36308342 412.622553035
465.554715419 313.709248835 610.386038178 1026.21308342 412.80773822
465.397308011 315.561100687 610.284291004 1028.06308342 412.99273822
465.239900604 316.122822909 611.289951238 1029.91308342 413.177738221
465.082493197 315.817267354 613.040055916 1031.76308342 413.362923406
464.925085789 315.511711798 614.790058745 1033.61493528 413.548108591
464.767678382 315.206156243 616.540163424 1035.46493528 413.733293776
464.610270975 314.900600687 618.290268102 1037.31493528 413.918293776
464.452863567 314.595045132 620.04037278 1039.16493528 414.103293776
464.29545616 314.289489576 621.790477458 1041.01493528 414.288478961
464.138048753 313.983934021 623.540582137 1042.86493528 414.473664147
463.980641345 313.678378465 625.290584966 1044.71678713 414.658849332
463.823233938 313.37282291 627.040689644 1046.56678713 414.843849332
463.66582653 313.067267354 628.790794322 1048.41678713 415.028849332
463.508419123 312.761711799 630.540899001 1050.26678713 415.214034517
463.351011716 312.456156243 632.291003679 1052.11678713 415.399219702
463.193604308 312.150600688 634.041108357 1053.96678713 415.584219702
463.036196901 311.845045133 635.791111186 1055.81863898 415.769404888
462.878789494 311.539489577 637.541215865 1057.66863898 415.954404888
462.721382086 311.233934022 639.291320543 1059.51863898 416.139590073
462.563974679 310.928378466 641.041425221 1061.36863898 416.324775258
462.406567272 310.622822911 642.791529899 1063.21863898 416.509775258
462.249159864 310.317267355 644.541634578 1065.06863898 416.694775258
462.091752457 310.0117118 646.291637407 1066.92049083 416.879960443
461.93434505 309.706156244 648.041742085 1068.77049083 417.065145629
461.776937642 309.400600689 649.791846763 1070.62049083 417.250330814
461.619530235 309.095045133 651.541951442 1072.47049084 417.435330814
461.462122827 308.789489578 653.29205612 1074.32049084 417.620330814
461.30471542 308.483934022 655.042160798 1076.17049084 417.805515999
461.147308013 308.178378467 656.792163627 1078.02234269 417.990701184
460.989900605 307.872822911 658.542268306 1079.87234269 418.17588637
460.832493198 307.567267356 660.292372984 1081.72234269 418.36088637
460.675085791 307.2617118 662.042477662 1083.57234269 418.54588637
460.517678383 306.956156245 663.79258234 1085.42234269 418.731071555
460.360270976 306.650600689 665.542687019 1087.27234269 418.91625674
460.202863569 306.345045134 667.292689848 1089.12419454 419.101441925
460.045456161 306.039489578 669.042794526 1090.97419454 419.286441925
459.888048754 305.733934023 670.792899204 1092.82419454 419.471441925
459.730641347 305.428378467 672.543003883 1094.67419454 419.656627111
459.573233939 307.275915504 672.444960413 1096.52419454 418.012182666
459.415826532 309.127767356 672.343213239 1098.37419454 416.345330814
459.258419124 310.979619208 672.241364216 1100.22604639 414.678664148
459.101011717 312.83147106 672.139617042 1102.07604639 413.011812296
458.94360431 314.683322912 672.037869869 1103.92604639 411.345145629
458.786196902 316.535174764 671.936122695 1105.77604639 409.678478962
458.628789495 318.387026616 671.834375521 1107.62604639 409.489404888
458.471382088 320.238878468 671.732628348 1109.47604639 409.674404888
458.31397468 322.090730319 671.630779325 1111.32789824 409.859590074
458.156567273 323.942582171 671.529032151 1113.17789824 410.044775259
457.999159866 325.794434023 671.427284978 1115.02789824 410.229960444
457.841752458 327.646285875 671.325537804 1116.87789824 410.414960444
457.684345051 328.208008097 672.331198038 1118.72789824 410.599960444
457.526937644 327.902452542 674.081302716 1120.57789824 410.78514563
457.369530236 327.596896986 675.831305545 1122.4297501 410.970330815
457.212122829 327.291341431 677.581410223 1124.2797501 411.155516
457.054715421 326.985785875 679.331514902 1126.1297501 411.340516
456.897308014 326.68023032 681.08161958 1127.9797501 411.525516
456.739900607 326.374674764 682.831724258 1129.8297501 411.710701185
456.582493199 326.069119209 684.581828936 1131.6797501 411.895886371
456.425085792 325.763563653 686.331831766 1133.53160195 412.081071556
456.267678385 325.458008098 688.081936444 1135.38160195 412.266071556
456.110270977 325.152452543 689.832041122 1137.23160195 412.451071556
455.95286357 324.846896987 691.5821458 1139.08160195 412.636256741
455.795456163 324.541341432 693.332250479 1140.93160195 412.821441926
455.638048755 324.235785876 695.082355157 1142.78160195 413.006441926
455.480641348 323.930230321 696.832357986 1144.6334538 413.191627112
455.323233941 323.624674765 698.582462664 1146.4834538 413.376627112
455.165826533 323.31911921 700.332567343 1148.3334538 413.561812297
455.008419126 323.013563654 702.082672021 1150.1834538 413.746997482
454.851011718 322.708008099 703.832776699 1152.0334538 413.931997482
454.693604311 322.402452543 705.582881377 1153.8834538 414.116997482
454.536196904 322.096896988 707.332884207 1155.73530566 414.302182667
454.378789496 321.791341432 709.082988885 1157.58530566 414.487367852
454.221382089 321.485785877 710.833093563 1159.43530566 414.672553038
454.063974682 321.180230321 712.583198241 1161.28530566 414.857553038
453.906567274 320.874674766 714.33330292 1163.13530566 415.042553038
453.749159867 320.56911921 716.083407598 1164.98530566 415.227738223
453.59175246 320.263563655 717.833410427 1166.83715751 415.412923408
453.434345052 319.958008099 719.583515105 1168.68715751 415.598108593
453.276937645 319.652452544 721.333619784 1170.53715751 415.783108593
453.119530238 319.346896988 723.083724462 1172.38715751 415.968108593
452.96212283 319.041341433 724.83382914 1174.23715751 416.153293779
452.804715423 318.735785877 726.583831969 1176.08900936 416.338478964
452.647308015 318.430230322 728.333936647 1177.93900936 416.523664149
452.489900608 318.124674766 730.084041326 1179.78900936 416.708664149
452.332493201 317.819119211 731.834146004 1181.63900936 416.893664149
452.175085793 317.513563655 733.584250682 1183.48900936 417.078849334
452.017678386 319.361100692 733.486207212 1185.33900936 415.43440489
451.860270979 321.212952544 733.38435819 1187.19086121 413.767738223
451.702863571 323.064804396 733.282611016 1189.04086121 412.100886371
451.545456164 324.916656248 733.180863842 1190.89086121 410.43403452
451.388048757 326.7685081 733.079116668 1192.74086121 408.767367853
451.230641349 328.620359952 732.977369495 1194.59086121 407.100701186
451.073233942 330.472211804 732.875622321 1196.44086121 406.911627112
450.915826535 332.324063656 732.773773298 1198.29271307 407.096812298
450.758419127 334.175915508 732.672026125 1200.14271307 407.281812298
450.60101172 336.027767359 732.570278951 1201.99271307 407.466997483
450.443604312 337.879619211 732.468531777 1203.84271307 407.652182668
450.286196905 339.731471063 732.366784604 1205.69271307 407.837182668
450.128789498 340.293193285 733.372444837 1207.54271307 408.022182668
449.97138209 339.98763773 735.122447667 1209.39456492 408.207367853
449.813974683 339.682082174 736.872552345 1211.24456492 408.392553038
449.656567276 339.376526619 738.622657023 1213.09456492 408.577738224
449.499159868 339.070971063 740.372761701 1214.94456492 408.762738224
449.341752461 338.765415508 742.12286638 1216.79456492 408.947738224
449.184345054 338.459859953 743.872971058 1218.64456492 409.132923409
449.026937646 338.154304397 745.622973887 1220.49641677 409.318108594
448.869530239 337.848748842 747.373078565 1222.34641677 409.503293779
448.712122832 337.543193286 749.123183244 1224.19641677 409.688293779
448.554715424 337.237637731 750.873287922 1226.04641677 409.873293779
448.397308017 336.932082175 752.6233926 1227.89641677 410.058478965
448.239900609 336.62652662 754.373497278 1229.74641677 410.24366415
448.082493202 336.320971064 756.123500108 1231.59826862 410.428849335
447.925085795 336.015415509 757.873604786 1233.44826863 410.613849335
447.767678387 335.709859953 759.623709464 1235.29826863 410.798849335
447.61027098 335.404304398 761.373814142 1237.14826863 410.98403452
447.452863573 335.098748842 763.123918821 1238.99826863 411.169219706
447.295456165 334.793193287 764.874023499 1240.84826863 411.354219706
447.138048758 334.487637731 766.624026328 1242.70012048 411.539404891
446.980641351 334.182082176 768.374131006 1244.55012048 411.724404891
446.823233943 333.87652662 770.124235685 1246.40012048 411.909590076
446.665826536 333.570971065 771.874340363 1248.25012048 412.094775261
446.508419129 333.265415509 773.624445041 1250.10012048 412.279775261
446.351011721 332.959859954 775.374549719 1251.95012048 412.464775261
446.193604314 332.654304398 777.124552548 1253.80197233 412.649960447
446.036196906 332.348748843 778.874657227 1255.65197233 412.835145632
445.878789499 332.043193287 780.624761905 1257.50197233 413.020330817
445.721382092 331.737637732 782.374866583 1259.35197233 413.205330817
445.563974684 331.432082176 784.124971261 1261.20197233 413.390330817
445.406567277 331.126526621 785.87507594 1263.05197233 413.575516002
445.24915987 330.820971065 787.625078769 1264.90382418 413.760701188
445.091752462 330.51541551 789.375183447 1266.75382418 413.945886373
444.934345055 330.209859954 791.125288125 1268.60382418 414.130886373
444.776937648 329.904304399 792.875392804 1270.45382418 414.315886373
444.61953024 329.598748843 794.625497482 1272.30382418 414.501071558
444.462122833 331.446285881 794.527454012 1274.15382418 412.856627114
444.304715426 333.298137732 794.425604989 1276.00567604 411.189960447
444.147308018 335.149989584 794.323857816 1277.85567604 409.523108595
443.989900611 337.001841436 794.222110642 1279.70567604 407.856256743
443.832493203 338.853693288 794.120363468 1281.55567604 406.189590077
443.675085796 340.70554514 794.018616294 1283.40567604 404.52292341
443.517678389 342.557396992 793.916869121 1285.25567604 404.333849336
443.360270981 344.409248844 793.815020098 1287.10752789 404.519034521
443.202863574 346.261100696 793.713272924 1288.95752789 404.704034521
443.045456167 348.112952547 793.611525751 1290.80752789 404.889219707
442.888048759 349.964804399 793.509778577 1292.65752789 405.074404892
442.730641352 351.816656251 793.408031403 1294.50752789 405.259404892
442.573233945 352.378378473 794.413691637 1296.35752789 405.444404892
442.415826537 352.072822918 796.163694466 1298.20937974 405.629590077
442.25841913 351.767267363 797.913799145 1300.05937974 405.814775262
442.101011723 351.461711807 799.663903823 1301.90937974 405.999960448
441.943604315 351.156156252 801.414008501 1303.75937974 406.184960448
441.786196908 350.850600696 803.164113179 1305.60937974 406.369960448
441.6287895 350.545045141 804.914217858 1307.45937974 406.555145633
441.471382093 350.239489585 806.664220687 1309.3112316 406.740330818
441.313974686 349.93393403 808.414325365 1311.1612316 406.925516003
441.156567278 349.628378474 810.164430043 1313.0112316 407.110516003
440.999159871 349.322822919 811.914534722 1314.8612316 407.295516003
440.841752464 349.017267363 813.6646394 1316.7112316 407.480701189
440.684345056 348.711711808 815.414744078 1318.5612316 407.665886374
440.526937649 348.406156252 817.164746907 1320.41308345 407.851071559
440.369530242 348.100600697 818.914851586 1322.26308345 408.036071559
440.212122834 347.795045141 820.664956264 1324.11308345 408.221071559
440.054715427 347.489489586 822.415060942 1325.96308345 408.406256744
439.89730802 347.18393403 824.16516562 1327.81308345 408.591441929
439.739900612 346.878378475 825.915168449 1329.6649353 408.776627115
439.582493205 346.572822919 827.665273128 1331.5149353 408.961627115
439.425085797 346.267267364 829.415377806 1333.3649353 409.146627115
439.26767839 345.961711808 831.165482484 1335.2149353 409.3318123
439.110270983 345.656156253 832.915587162 1337.0649353 409.516997485
438.952863575 345.350600697 834.665691841 1338.9149353 409.701997485
438.795456168 345.045045142 836.41569467 1340.76678715 409.88718267
438.638048761 344.739489586 838.165799348 1342.61678715 410.07218267
438.480641353 344.433934031 839.915904026 1344.46678715 410.257367856
438.323233946 344.128378475 841.666008705 1346.31678715 410.442553041
438.165826539 343.82282292 843.416113383 1348.16678716 410.627553041
438.008419131 343.517267364 845.166218061 1350.01678716 410.812553041
437.851011724 343.211711809 846.91622089 1351.86863901 410.997738226
437.693604317 342.906156253 848.666325569 1353.71863901 411.182923411
437.536196909 342.600600698 850.416430247 1355.56863901 411.368108597
437.378789502 342.295045142 852.166534925 1357.41863901 411.553108597
437.221382094 341.989489587 853.916639603 1359.26863901 411.738108597
437.063974687 341.683934032 855.666744282 1361.11863901 411.923293782
436.90656728 343.531471069 855.568598963 1362.97049086 410.278849337
436.749159872 345.38332292 855.466851789 1364.82049086 408.612182671
436.591752465 347.235174772 855.365104615 1366.67049086 406.945330819
436.434345058 349.087026624 855.263357442 1368.52049086 405.278478967
436.27693765 350.938878476 855.161610268 1370.37049086 403.611812301
436.119530243 352.790730328 855.059863094 1372.22049086 401.945145634
435.962122836 354.64258218 854.958014071 1374.07234271 401.756256745
435.804715428 356.494434032 854.856266898 1375.92234271 401.941256745
435.647308021 358.346285884 854.754519724 1377.77234271 402.126256745
435.489900614 360.198137736 854.65277255 1379.62234271 402.311441931
435.332493206 362.049989587 854.551025377 1381.47234271 402.496627116
435.175085799 363.901841439 854.449278203 1383.32234271 402.681627116
435.017678391 364.463563662 855.454836588 1385.17419457 402.866812301
434.860270984 364.158008106 857.204941266 1387.02419457 403.051812301
434.702863577 363.852452551 858.955045944 1388.87419457 403.236997486
434.545456169 363.546896995 860.705150623 1390.72419457 403.422182671
434.388048762 363.24134144 862.455255301 1392.57419457 403.607182671
434.230641355 362.935785884 864.205359979 1394.42419457 403.792182671
434.073233947 362.630230329 865.955362808 1396.27604642 403.977367857
433.91582654 362.324674773 867.705467487 1398.12604642 404.162553042
433.758419133 362.019119218 869.455572165 1399.97604642 404.347738227
433.601011725 361.713563662 871.205676843 1401.82604642 404.532738227
433.443604318 361.408008107 872.955781521 1403.67604642 404.717738227
433.286196911 361.102452551 874.705886199 1405.52604642 404.902923412
433.128789503 360.796896996 876.455889029 1407.37789827 405.088108598
432.971382096 360.49134144 878.205993707 1409.22789827 405.273293783
432.813974688 360.185785885 879.956098385 1411.07789827 405.458293783
432.656567281 359.880230329 881.706203063 1412.92789827 405.643293783
432.499159874 359.574674774 883.456307742 1414.77789827 405.828478968
432.341752466 359.269119218 885.20641242 1416.62789827 406.013664153
432.184345059 358.963563663 886.956415249 1418.47975013 406.198849339
432.026937652 358.658008107 888.706519927 1420.32975013 406.383849339
431.869530244 358.352452552 890.456624606 1422.17975013 406.568849339
431.712122837 358.046896996 892.206729284 1424.02975013 406.754034524
431.55471543 357.741341441 893.956833962 1425.87975013 406.939219709
431.397308022 357.435785885 895.70693864 1427.72975013 407.124219709
431.239900615 357.13023033 897.45694147 1429.58160198 407.309404894
431.082493208 356.824674774 899.207046148 1431.43160198 407.494404894
430.9250858 356.519119219 900.957150826 1433.28160198 407.67959008
430.767678393 356.213563663 902.707255504 1435.13160198 407.864775265
430.610270985 355.908008108 904.457360183 1436.98160198 408.049775265
430.452863578 355.602452552 906.207464861 1438.83160198 408.234775265
430.295456171 355.296896997 907.95746769 1440.68345383 408.41996045
430.138048763 354.991341442 909.707572368 1442.53345383 408.605145635
429.980641356 354.685785886 911.457677047 1444.38345383 408.79033082
429.823233949 354.380230331 913.207781725 1446.23345383 408.975330821
429.665826541 354.074674775 914.957886403 1448.08345383 409.160330821
429.508419134 353.76911922 916.707991081 1449.93345383 409.345516006
429.351011727 355.616656257 916.609845762 1451.78530568 407.701071561
429.193604319 357.468508109 916.508098589 1453.63530568 406.034404895
429.036196912 359.32035996 916.406351415 1455.48530569 404.367553043
428.878789505 361.172211812 916.304604241 1457.33530569 402.700701191
428.721382097 363.024063664 916.202857068 1459.18530569 401.034034525
428.56397469 364.875915516 916.101109894 1461.03530569 399.367367858
428.406567282 366.727767368 915.999260871 1462.88715754 399.178478969
428.249159875 368.57961922 915.897513698 1464.73715754 399.363478969
428.091752468 370.431471072 915.795766524 1466.58715754 399.548478969
427.93434506 372.283322924 915.69401935 1468.43715754 399.733664154
427.776937653 374.135174775 915.592272176 1470.28715754 399.91884934
427.619530246 375.987026627 915.490423154 1472.13900939 400.104034525
427.462122838 376.54874885 916.496083388 1473.98900939 400.289034525
427.304715431 376.243193294 918.246188066 1475.83900939 400.474034525
427.147308024 375.937637739 919.996292744 1477.68900939 400.65921971
426.989900616 375.632082183 921.746397422 1479.53900939 400.844404895
426.832493209 375.326526628 923.4965021 1481.38900939 401.029404895
426.675085802 375.020971072 925.24650493 1483.24086124 401.214590081
426.517678394 374.715415517 926.996609608 1485.09086124 401.399590081
426.360270987 374.409859961 928.746714286 1486.94086124 401.584775266
426.202863579 374.104304406 930.496818964 1488.79086124 401.769960451
426.045456172 373.79874885 932.246923643 1490.64086124 401.954960451
425.888048765 373.493193295 933.997028321 1492.49086124 402.139960451
425.730641357 373.187637739 935.74703115 1494.3427131 402.325145636
425.57323395 372.882082184 937.497135828 1496.1927131 402.510330822
425.415826543 372.576526628 939.247240507 1498.0427131 402.695516007
425.258419135 372.270971073 940.997345185 1499.8927131 402.880516007
425.101011728 371.965415517 942.747449863 1501.7427131 403.065516007
424.943604321 371.659859962 944.497554541 1503.5927131 403.250701192
424.786196913 371.354304406 946.247557371 1505.44456495 403.435886377
424.628789506 371.048748851 947.997662049 1507.29456495 403.621071562
424.471382099 370.743193295 949.747766727 1509.14456495 403.806071562
424.313974691 370.43763774 951.497871405 1510.99456495 403.991071563
424.156567284 370.132082184 953.247976084 1512.84456495 404.176256748
423.999159876 369.826526629 954.998080762 1514.69456495 404.361441933
423.841752469 369.520971073 956.748083591 1516.5464168 404.546627118
423.684345062 369.215415518 958.498188269 1518.3964168 404.731627118
423.526937654 368.909859962 960.248292948 1520.2464168 404.916627118
423.369530247 368.604304407 961.998397626 1522.0964168 405.101812303
423.21212284 368.298748852 963.748502304 1523.9464168 405.286997489
423.054715432 367.993193296 965.498606982 1525.7964168 405.471997489
422.897308025 367.687637741 967.248609812 1527.64826866 405.657182674
422.739900618 367.382082185 968.99871449 1529.49826866 405.842182674
422.58249321 367.07652663 970.748819168 1531.34826866 406.027367859
422.425085803 366.770971074 972.498923846 1533.19826866 406.212553044
422.267678395 366.465415519 974.249028525 1535.04826866 406.397553044
422.110270988 366.159859963 975.999133203 1536.89826866 406.582553044
421.952863581 365.854304408 977.749136032 1538.75012051 406.76773823
421.795456173 367.701841445 977.651092562 1540.60012051 405.123293785
421.638048766 369.553693297 977.549345388 1542.45012051 403.456627119
421.480641359 371.405545148 977.447598215 1544.30012051 401.789775267
421.323233951 373.257397 977.345851041 1546.15012051 400.122923415
421.165826544 375.109248852 977.244103867 1548.00012051 398.456256748
421.008419137 376.961100704 977.142254845 1549.85197236 396.789590082
420.851011729 378.812952556 977.040507671 1551.70197236 396.600701193
420.693604322 380.664804408 976.938760497 1553.55197236 396.785701193
420.536196915 382.51665626 976.837013324 1555.40197236 396.970701193
420.378789507 384.368508112 976.73526615 1557.25197236 397.155886378
420.2213821 386.220359964 976.633518976 1559.10197236 397.341071563
420.063974692 388.072211815 976.531669953 1560.95382422 397.526256749
419.906567285 388.633934038 977.537330187 1562.80382422 397.711256749
419.749159878 388.328378482 979.287434865 1564.65382422 397.896256749
419.59175247 388.022822927 981.037539544 1566.50382422 398.081441934
419.434345063 387.717267371 982.787644222 1568.35382422 398.266627119
419.276937656 387.411711816 984.5377489 1570.20382422 398.451627119
419.119530248 387.10615626 986.287751729 1572.05567607 398.636812304
418.962122841 386.800600705 988.037856408 1573.90567607 398.821812304
418.804715434 386.495045149 989.787961086 1575.75567607 399.00699749
418.647308026 386.189489594 991.538065764 1577.60567607 399.192182675
418.489900619 385.883934038 993.288170442 1579.45567607 399.377182675
418.332493212 385.578378483 995.038275121 1581.30567607 399.562182675
418.175085804 385.272822927 996.78827795 1583.15752792 399.74736786
418.017678397 384.967267372 998.538382628 1585.00752792 399.932553045
417.860270989 384.661711816 1000.28848731 1586.85752792 400.117738231
417.702863582 384.356156261 1002.03859198 1588.70752792 400.302738231
417.545456175 384.050600705 1003.78869666 1590.55752792 400.487738231
417.388048767 383.74504515 1005.53880134 1592.40752792 400.672923416
417.23064136 383.439489594 1007.28880417 1594.25937977 400.858108601
417.073233953 383.133934039 1009.03890885 1596.10937977 401.043293786
416.915826545 382.828378483 1010.78901353 1597.95937977 401.228293786
416.758419138 382.522822928 1012.53911821 1599.80937977 401.413293786
416.601011731 382.217267372 1014.28922288 1601.65937978 401.598478972
416.443604323 381.911711817 1016.03932756 1603.50937978 401.783664157
416.286196916 381.606156262 1017.78933039 1605.36123163 401.968849342
416.128789509 381.300600706 1019.53943507 1607.21123163 402.153849342
415.971382101 381.523609965 1020.83583604 1609.06123163 402.338849342
415.813974694 383.258961817 1020.83408887 1610.91123163 402.524034527
415.656567286 384.989998854 1020.8360454 1612.76123163 402.709219712
415.499159879 386.725350706 1020.83429823 1614.61123163 402.894219713
415.341752472 388.456387743 1020.83615291 1616.46308348 403.079404898
415.184345064 390.191739595 1020.83440573 1618.31308348 403.264404898
415.026937657 391.922776632 1020.83636226 1620.16308348 403.449590083
414.86953025 393.658128484 1020.83461509 1622.01308348 403.634775268
414.712122842 395.393480336 1020.83286792 1623.86308348 403.819775268
414.554715435 397.124517373 1020.8347226 1625.71493533 404.004960453
414.397308028 398.859869225 1020.83297542 1627.56493533 404.189960453
414.23990062 400.590906262 1020.83493195 1629.41493533 404.375145639
414.082493213 402.326258114 1020.83318478 1631.26493533 404.560330824
413.925085806 404.057295151 1020.83514131 1633.11493533 404.745330824
413.767678398 405.792647003 1020.83339414 1634.96493533 404.930330824
413.610270991 407.52368404 1020.83524882 1636.81678719 405.115516009
413.452863583 409.259035892 1020.83350164 1638.66678719 405.300701194
413.295456176 410.990072929 1020.83545817 1640.51678719 405.48588638
413.138048769 412.725424781 1020.833711 1642.36678719 405.67088638
412.980641361 414.456461818 1020.83566753 1644.21678719 405.85588638
412.823233954 416.19181367 1020.83392036 1646.06678719 406.041071565
412.665826547 417.922850707 1020.83577504 1647.91863904 406.22625675
412.508419139 419.658202559 1020.83402786 1649.76863904 406.411441935
412.351011732 421.389239596 1020.83598439 1651.61863904 406.596441935
412.193604325 423.124591448 1020.83423722 1653.46863904 406.781441935
412.036196917 424.855628485 1020.83619375 1655.31863904 406.966627121
411.87878951 426.590980337 1020.83444658 1657.16863904 407.151812306
411.721382103 428.322017374 1020.83630126 1659.02049089 407.336997491
411.563974695 430.057369226 1020.83455408 1660.87049089 407.521997491
411.406567288 431.79056367 1020.83465876 1662.72049089 407.706997491
411.24915988 433.523758114 1020.83476344 1664.57049089 407.892182676
411.091752473 435.259109966 1020.83301627 1666.42049089 408.077367862
410.934345066 436.990147003 1020.8349728 1668.27049089 408.262367862
410.776937658 438.725498855 1020.83312377 1670.12234275 408.447553047
410.619530251 440.456535892 1020.8350803 1671.97234275 408.632553047
410.462122844 442.191887744 1020.83333313 1673.82234275 408.817738232
410.304715436 443.922924781 1020.83528966 1675.67234275 409.002923417
410.147308029 445.658276633 1020.83354249 1677.52234275 409.187923417
409.989900622 447.38931367 1020.83549902 1679.37234275 409.372923417
409.832493214 449.124665522 1020.83364999 1681.2241946 409.558108603
409.675085807 450.855702559 1020.83560652 1683.0741946 409.743293788
409.5176784 452.591054411 1020.83385935 1684.9241946 409.928478973
409.360270992 454.322091448 1020.83581588 1686.7741946 410.113478973
409.202863585 456.0574433 1020.83406871 1688.6241946 410.298478973
409.045456177 457.788480337 1020.83602524 1690.4741946 410.483664158
408.88804877 459.523832189 1020.83417621 1692.32604645 410.668849343
408.730641363 461.254869226 1020.83613274 1694.17604645 410.854034529
408.573233955 462.990221078 1020.83438557 1696.02604645 411.039034529
408.415826548 464.721258115 1020.8363421 1697.87604645 411.224034529
408.258419141 466.456609967 1020.83459493 1699.72604645 411.409219714
408.101011733 468.191961819 1020.83284775 1701.57604645 411.594404899
407.943604326 469.922998856 1020.83470243 1703.4278983 411.779590084
407.786196919 471.658350708 1020.83295526 1705.2778983 411.964590084
407.628789511 473.389387745 1020.83491179 1707.12789831 412.149590084
407.471382104 475.124739597 1020.83316462 1708.97789831 412.33477527
407.313974697 476.855776634 1020.83512115 1710.82789831 412.519960455
407.156567289 478.591128486 1020.83337397 1712.67789831 412.704960455
406.999159882 480.322165523 1020.83522865 1714.52975016 412.89014564
406.841752474 482.057517375 1020.83348148 1716.37975016 413.07514564
406.684345067 483.788554412 1020.83543801 1718.22975016 413.260330825
406.52693766 485.523906264 1020.83369084 1720.07975016 413.445516011
406.369530252 487.254943301 1020.83564737 1721.92975016 413.630516011
406.212122845 488.990295153 1020.83390019 1723.77975016 413.815516011
406.054715438 490.72133219 1020.83575487 1725.63160201 414.000701196
405.89730803 492.456684041 1020.8340077 1727.48160201 414.185886381
405.739900623 494.187721079 1020.83596423 1729.33160201 414.371071566
405.582493216 495.92307293 1020.83421706 1731.18160201 414.556071566
405.425085808 497.654109968 1020.83617359 1733.03160201 414.741071566
405.267678401 499.389461819 1020.83442641 1734.88160201 414.926256752
405.110270994 501.120498856 1020.83628109 1736.73345386 415.111441937
404.952863586 502.855850708 1020.83453392 1738.58345386 415.296627122
404.795456179 504.589045153 1020.8346386 1740.43345386 415.481627122
404.638048771 506.322239597 1020.83474328 1742.28345386 415.666627122
404.480641364 508.057591449 1020.8329961 1744.13345386 415.851812307
404.323233957 509.788628486 1020.83495263 1745.98345386 416.036997493
404.165826549 511.523980338 1020.83310361 1747.83530572 416.222182678
404.008419142 513.255017375 1020.83506014 1749.68530572 416.407182678
403.851011735 514.990369227 1020.83331297 1751.53530572 416.592182678
403.693604327 516.721406264 1020.8352695 1753.38530572 416.777367863
403.53619692 518.456758115 1020.83352232 1755.23530572 416.962553048
403.378789513 520.187795152 1020.83547885 1757.08530572 417.147553048
403.221382105 521.923147004 1020.83362983 1758.93715757 417.332738233
403.063974698 523.654184041 1020.83558636 1760.78715757 417.517738234
402.906567291 525.389535893 1020.83383919 1762.63715757 417.702923419
402.749159883 527.12057293 1020.83579572 1764.48715757 417.888108604
402.591752476 528.855924781 1020.83404854 1766.33715757 418.073108604
402.434345068 530.586961818 1020.83600507 1768.18715757 418.258108604
402.276937661 532.32231367 1020.83415605 1770.03900942 418.443293789
402.119530254 534.053350707 1020.83611258 1771.88900942 418.628478974
401.962122846 535.788702559 1020.83436541 1773.73900942 418.81366416
401.804715439 537.519739595 1020.83632194 1775.58900942 418.99866416
401.647308032 539.255091447 1020.83457476 1777.43900942 419.18366416
401.489900624 540.988285891 1020.83457759 1779.29086128 419.368849345
401.332493217 542.721480336 1020.83468227 1781.14086128 419.55403453
401.17508581 544.456832188 1020.8329351 1782.99086128 419.739219715
401.017678402 546.187869224 1020.83489163 1784.84086128 419.924219715
400.860270995 547.923221076 1020.83314445 1786.69086128 420.109219715
400.702863588 549.654258113 1020.83510098 1788.54086128 420.294404901
400.54545618 551.389609965 1020.83325196 1790.39271313 420.479590086
400.388048773 553.120647002 1020.83520849 1792.24271313 420.664775271
400.230641365 554.855998853 1020.83346132 1794.09271313 420.849775271
400.073233958 556.58703589 1020.83541785 1795.94271313 421.034775271
399.915826551 558.322387742 1020.83367067 1797.79271313 421.219960456
399.758419143 560.053424779 1020.8356272 1799.64271313 421.405145642
399.601011736 561.788776631 1020.83377818 1801.49456498 421.590330827
399.443604329 563.519813668 1020.83573471 1803.34456498 421.775330827
399.286196921 565.255165519 1020.83398754 1805.19456498 421.960330827
399.128789514 566.986202556 1020.83594407 1807.04456498 422.145516012
398.971382107 568.721554408 1020.83419689 1808.89456498 422.330701197
398.813974699 570.452591445 1020.83615342 1810.74456498 422.515701197
398.656567292 572.187943297 1020.8343044 1812.59641683 422.700886383
398.499159885 573.918980333 1020.83626093 1814.44641684 422.885886383
398.341752477 575.654332185 1020.83451376 1816.29641684 423.071071568
398.18434507 577.387526629 1020.83461843 1818.14641684 423.256256753
398.026937662 579.120721074 1020.83472311 1819.99641684 423.441256753
397.869530255 580.856072925 1020.83297594 1821.84641684 423.626256753
397.712122848 582.587109962 1020.83483062 1823.69826869 423.811441938
397.55471544 584.322461814 1020.83308345 1825.54826869 423.996627123
397.397308033 586.053498851 1020.83503998 1827.39826869 424.181812309
397.239900626 587.788850703 1020.8332928 1829.24826869 424.366812309
397.082493218 589.51988774 1020.83524933 1831.09826869 424.551812309
396.925085811 591.255239591 1020.83350216 1832.94826869 424.736997494
396.767678404 592.986276628 1020.83535684 1834.80012054 424.922182679
396.610270996 594.72162848 1020.83360967 1836.65012054 425.107367864
396.452863589 596.452665517 1020.8355662 1838.50012054 425.292367864
396.295456182 598.188017369 1020.83381902 1840.35012054 425.477367864
396.138048774 599.919054406 1020.83577555 1842.20012054 425.66255305
395.980641367 601.654406257 1020.83402838 1844.05012054 425.847738235
395.823233959 603.385443294 1020.83588306 1845.90197239 426.03292342
395.665826552 605.120795146 1020.83413589 1847.75197239 426.21792342
395.508419145 606.851832183 1020.83609242 1849.60197239 426.40292342
395.351011737 608.587184034 1020.83434524 1851.45197239 426.588108605
395.19360433 610.318221071 1020.83630177 1853.30197239 426.773293791
395.036196923 612.053572923 1020.8345546 1855.1519724 426.958293791
394.878789515 613.78460996 1020.83640928 1857.00382425 427.143478976
394.721382108 615.519961812 1020.83466211 1858.85382425 427.328478976
394.563974701 617.255313663 1020.83291493 1860.70382425 427.513664161
394.406567293 618.9863507 1020.83487146 1862.55382425 427.698849346
394.249159886 620.721702552 1020.83312429 1864.40382425 427.883849346
394.091752479 622.452739589 1020.83508082 1866.25382425 428.068849346
393.934345071 624.188091441 1020.8332318 1868.1056761 428.254034532
393.776937664 625.919128478 1020.83518833 1869.9556761 428.439219717
393.619530256 627.654480329 1020.83344115 1871.8056761 428.624404902
393.462122849 629.385517366 1020.83539768 1873.6556761 428.809404902
393.304715442 631.120869218 1020.83365051 1875.5056761 428.994404902
393.147308034 632.851906255 1020.83560704 1877.3556761 429.179590087
392.989900627 634.587258107 1020.83375802 1879.20752795 429.364775273
392.83249322 636.318295143 1020.83571455 1881.05752795 429.549960458
392.675085812 638.053646995 1020.83396737 1882.90752795 429.734960458
392.517678405 639.784684032 1020.8359239 1884.75752795 429.919960458
392.360270998 641.520035884 1020.83417673 1886.60752795 430.105145643
392.20286359 643.251072921 1020.83613326 1888.45752795 430.290330828
392.045456183 644.986424772 1020.83428424 1890.30937981 430.475516013
391.888048776 646.717461809 1020.83624077 1892.15937981 430.660516014
391.730641368 648.452813661 1020.83449359 1894.00937981 430.845516014
391.573233961 650.186008105 1020.83459827 1895.85937981 431.030701199
391.415826553 651.91920255 1020.83470295 1897.70937981 431.215886384
391.258419146 653.654554401 1020.83295577 1899.55937981 431.400886384
391.101011739 655.385591438 1020.83481046 1901.41123166 431.586071569
390.943604331 657.12094329 1020.83306328 1903.26123166 431.771071569
390.786196924 658.851980327 1020.83501981 1905.11123166 431.956256754
390.628789517 660.587332179 1020.83327264 1906.96123166 432.14144194
390.471382109 662.318369216 1020.83522917 1908.81123166 432.32644194
390.313974702 664.053721067 1020.83348199 1910.66123166 432.51144194
390.156567295 665.784758104 1020.83533668 1912.51308351 432.696627125
389.999159887 667.520109956 1020.8335895 1914.36308351 432.88181231
389.84175248 669.251146993 1020.83554603 1916.21308351 433.066997495
389.684345073 670.986498845 1020.83379886 1918.06308351 433.251997495
389.526937665 672.717535881 1020.83575539 1919.91308351 433.436997495
389.369530258 674.452887733 1020.83390637 1921.76493537 433.622182681
389.21212285 676.18392477 1020.8358629 1923.61493537 433.807367866
389.054715443 677.919276622 1020.83411572 1925.46493537 433.992553051
388.897308036 679.650313659 1020.83607225 1927.31493537 434.177553051
388.739900628 681.38566551 1020.83432508 1929.16493537 434.362553051
388.582493221 683.116702547 1020.83628161 1931.01493537 434.547738236
388.425085814 684.852054399 1020.83443259 1932.86678722 434.732923422
388.267678406 686.583091436 1020.83638912 1934.71678722 434.918108607
388.110270999 688.318443288 1020.83464194 1936.56678722 435.103108607
387.952863592 690.053795139 1020.83289477 1938.41678722 435.288108607
387.795456184 691.784832176 1020.8348513 1940.26678722 435.473293792
387.638048777 693.520184028 1020.83310412 1942.11678722 435.658478977
387.48064137 695.251221065 1020.83495881 1943.96863907 435.843664163
387.323233962 696.986572917 1020.83321163 1945.81863907 436.028664163
387.165826555 698.717609954 1020.83516816 1947.66863907 436.213664163
387.008419147 700.452961805 1020.83342099 1949.51863907 436.398849348
386.85101174 702.183998842 1020.83537752 1951.36863907 436.584034533
386.693604333 703.919350694 1020.83363034 1953.21863907 436.769034533
386.536196925 705.650387731 1020.83548503 1955.07049092 436.954219718
386.378789518 707.385739583 1020.83373785 1956.92049092 437.139219718
386.221382111 709.116776619 1020.83569438 1958.77049092 437.324404904
386.063974703 710.852128471 1020.83394721 1960.62049093 437.509590089
385.906567296 712.583165508 1020.83590374 1962.47049093 437.694590089
385.749159889 714.31851736 1020.83415656 1964.32049093 437.879590089
385.591752481 716.049554397 1020.83601125 1966.17234278 438.064775274
385.434345074 717.784906248 1020.83426407 1968.02234278 438.249960459
385.276937667 719.515943285 1020.8362206 1969.87234278 438.435145644
385.119530259 721.251295137 1020.83447343 1971.72234278 438.620145644
384.962122852 722.984489581 1020.83457811 1973.57234278 438.805145645
384.804715444 724.717684026 1020.83468278 1975.42234278 438.99033083
384.647308037 726.453035877 1020.83283376 1977.27419463 439.175516015
384.48990063 728.184072914 1020.83479029 1979.12419463 439.3607012
384.332493222 729.919424766 1020.83304312 1980.97419463 439.5457012
384.175085815 731.650461803 1020.83499965 1982.82419463 439.7307012
384.017678408 733.385813655 1020.83325247 1984.67419463 439.915886385
383.860271 735.116850692 1020.835209 1986.52419463 440.101071571
383.702863593 736.852202543 1020.83335998 1988.37604648 440.286256756
383.545456186 738.58323958 1020.83531651 1990.22604648 440.471256756
383.388048778 740.318591432 1020.83356934 1992.07604648 440.656256756
383.230641371 742.049628469 1020.83552587 1993.92604648 440.841441941
383.073233964 743.78498032 1020.83377869 1995.77604648 441.026627126
382.915826556 745.516017357 1020.83573522 1997.62604648 441.211627126
382.758419149 747.251369209 1020.8338862 1999.47789834 441.396812312
382.601011741 748.982406246 1020.83584273 2001.32789834 441.581812312
382.443604334 750.717758098 1020.83409556 2003.17789834 441.766997497
382.286196927 752.448795135 1020.83605209 2005.02789834 441.952182682
382.128789519 754.184146986 1020.83430491 2006.87789834 442.137182682
381.971382112 755.915184023 1020.83626144 2008.72789834 442.322182682
381.813974705 757.650535875 1020.83441242 2010.57975019 442.507367867
381.656567297 759.381572912 1020.83636895 2012.42975019 442.692553053
381.49915989 761.116924764 1020.83462178 2014.27975019 442.877738238
381.341752483 762.852276615 1020.8328746 2016.12975019 443.062738238
381.184345075 764.583313652 1020.83483113 2017.97975019 443.247738238
381.026937668 766.318665504 1020.83308396 2019.82975019 443.432923423
380.869530261 768.049702541 1020.83493864 2021.68160204 443.618108608
380.712122853 769.785054393 1020.83319147 2023.53160204 443.803293794
380.554715446 771.516091429 1020.835148 2025.38160204 443.988293794
380.397308038 773.251443281 1020.83340082 2027.23160204 444.173293794
380.239900631 774.982480318 1020.83535735 2029.08160204 444.358478979
380.082493224 776.71783217 1020.83361018 2030.93160204 444.543664164
379.925085816 778.448869207 1020.83546486 2032.7834539 444.728849349
379.767678409 780.184221058 1020.83371769 2034.6334539 444.913849349
379.610271002 781.915258095 1020.83567422 2036.4834539 445.098849349
379.452863594 783.650609947 1020.83392704 2038.3334539 445.284034535
379.295456187 785.381646984 1020.83588357 2040.1834539 445.46921972
379.13804878 787.116998836 1020.8341364 2042.0334539 445.65421972
378.980641372 788.848035873 1020.83599108 2043.88530575 445.839404905
378.823233965 790.583387724 1020.83424391 2045.73530575 446.024404905
378.665826558 792.314424761 1020.83620044 2047.58530575 446.20959009
378.50841915 794.049776613 1020.83445326 2049.43530575 446.394775275
378.351011743 795.78081365 1020.83640979 2051.28530575 446.579775275
378.193604335 797.516165502 1020.83466262 2053.13530575 446.764775276
378.036196928 799.249359946 1020.83466545 2054.9871576 446.949960461
377.878789521 800.98255439 1020.83477013 2056.8371576 447.135145646
377.721382113 802.717906242 1020.83302295 2058.6871576 447.320330831
377.563974706 804.448943279 1020.83497948 2060.5371576 447.505330831
377.406567299 806.184295131 1020.83323231 2062.3871576 447.690330831
377.249159891 807.915332167 1020.83518884 2064.2371576 447.875516016
377.091752484 809.650684019 1020.83333982 2066.08900945 448.060701202
376.934345077 811.381721056 1020.83529635 2067.93900945 448.245886387
376.776937669 813.117072908 1020.83354917 2069.78900945 448.430886387
376.619530262 814.848109945 1020.8355057 2071.63900945 448.615886387
376.462122855 816.583461796 1020.83375853 2073.48900945 448.801071572
376.304715447 818.314498833 1020.83561321 2075.3408613 448.986256757
376.14730804 820.049850685 1020.83386604 2077.1908613 449.171441943
375.989900632 821.780887722 1020.83582257 2079.0408613 449.356441943
375.832493225 823.516239574 1020.83407539 2080.8908613 449.541441943
375.675085818 825.247276611 1020.83603192 2082.7408613 449.726627128
375.51767841 826.982628462 1020.83428475 2084.5908613 449.911812313
375.360271003 828.713665499 1020.83613943 2086.44271316 450.096997498
375.202863596 830.449017351 1020.83439226 2088.29271316 450.281997498
375.045456188 832.180054388 1020.83634879 2090.14271316 450.466997498
374.888048781 833.91540624 1020.83460161 2091.99271316 450.652182684
374.730641374 835.650758091 1020.83285444 2093.84271316 450.837367869
374.573233966 837.381795128 1020.83481097 2095.69271316 451.022367869
374.415826559 839.11714698 1020.83296195 2097.54456501 451.207553054
374.258419152 840.848184017 1020.83491848 2099.39456501 451.392553054
374.101011744 842.583535868 1020.8331713 2101.24456501 451.577738239
373.943604337 844.314572905 1020.83512783 2103.09456501 451.762923425
373.786196929 846.049924757 1020.83338066 2104.94456501 451.947923425
373.628789522 847.780961794 1020.83533719 2106.79456501 452.132923425
373.471382115 849.516313646 1020.83348817 2108.64641686 452.31810861
373.313974707 851.247350683 1020.8354447 2110.49641686 452.503293795
373.1565673 852.982702534 1020.83369752 2112.34641686 452.68847898
372.999159893 854.713739571 1020.83565405 2114.19641686 452.87347898
372.841752485 856.449091423 1020.83390688 2116.04641686 453.05847898
372.684345078 858.18012846 1020.83586341 2117.89641686 453.243664165
372.526937671 859.915480312 1020.83401439 2119.74826871 453.428849351
372.369530263 861.646517349 1020.83597092 2121.59826871 453.614034536
372.212122856 863.3818692 1020.83422374 2123.44826871 453.799034536
372.054715448 865.112906237 1020.83618027 2125.29826871 453.984034536
371.897308041 866.848258089 1020.8344331 2127.14826871 454.169219721
371.739900634 868.579295126 1020.83638963 2128.99826871 454.354404906
371.582493226 870.314646977 1020.83454061 2130.85012056 454.539590092
371.425085819 872.047841422 1020.83464529 2132.70012056 454.724590092
371.267678412 873.781035866 1020.83474996 2134.55012056 454.909590092
371.110271004 875.516387718 1020.83300279 2136.40012056 455.094775277
370.952863597 877.247424755 1020.83495932 2138.25012056 455.279960462
370.79545619 878.982776606 1020.83321215 2140.10012056 455.464960462
370.638048782 880.713813643 1020.83506683 2141.95197241 455.650145647
370.480641375 882.449165495 1020.83331965 2143.80197241 455.835145647
370.323233968 884.180202532 1020.83527618 2145.65197241 456.020330833
370.16582656 885.915554384 1020.83352901 2147.50197241 456.205516018
370.008419153 887.646591421 1020.83548554 2149.35197241 456.390516018
369.851011745 889.381943272 1020.83373837 2151.20197241 456.575516018
369.693604338 891.112980309 1020.83559305 2153.05382427 456.760701203
369.536196931 892.848332161 1020.83384587 2154.90382427 456.945886388
369.378789523 894.579369198 1020.8358024 2156.75382427 457.131071574
369.221382116 896.31472105 1020.83405523 2158.60382427 457.316071574
369.063974709 898.045758086 1020.83601176 2160.45382427 457.501071574
368.906567301 899.781109938 1020.83426459 2162.30382427 457.686256759
368.749159894 901.512146975 1020.83611927 2164.15567612 457.871441944
368.591752487 903.247498827 1020.83437209 2166.00567612 458.056627129
368.434345079 904.978535864 1020.83632862 2167.85567612 458.241627129
368.276937672 906.713887715 1020.83458145 2169.70567612 458.426627129
368.119530265 908.449239567 1020.83283428 2171.55567612 458.611812315
367.962122857 910.180276604 1020.83479081 2173.40567612 458.7969975
367.80471545 911.915628456 1020.83294178 2175.25752797 458.982182685
367.647308042 913.646665493 1020.83489831 2177.10752797 459.167182685
367.489900635 915.382017344 1020.83315114 2178.95752797 459.352182685
367.332493228 917.113054381 1020.83510767 2180.80752797 459.53736787
367.17508582 918.848406233 1020.8333605 2182.65752797 459.722553055
367.017678413 920.57944327 1020.83531703 2184.50752797 459.907553056
366.860271006 922.314795122 1020.833468 2186.35937982 460.092738241
366.702863598 924.045832159 1020.83542453 2188.20937982 460.277738241
366.545456191 925.78118401 1020.83367736 2190.05937982 460.462923426
366.388048784 927.512221047 1020.83563389 2191.90937982 460.648108611
366.230641376 929.247572899 1020.83388672 2193.75937982 460.833108611
366.073233969 930.978609936 1020.83584325 2195.60937982 461.018108611
365.915826562 932.713961788 1020.83399422 2197.46123167 461.203293796
365.758419154 934.444998824 1020.83595075 2199.31123167 461.388478982
365.601011747 936.180350676 1020.83420358 2201.16123167 461.573664167
365.443604339 937.911387713 1020.83616011 2203.01123167 461.758664167
365.286196932 939.646739565 1020.83441294 2204.86123167 461.943664167
365.128789525 941.377776602 1020.83636947 2206.71123167 462.128849352
364.971382117 943.113128453 1020.83452044 2208.56308352 462.314034537
364.81397471 944.846322898 1020.83462512 2210.41308352 462.499219723
364.656567303 946.579517342 1020.8347298 2212.26308352 462.684219723
364.499159895 948.314869194 1020.83298263 2214.11308352 462.869219723
364.341752488 950.045906231 1020.83493916 2215.96308352 463.054404908
364.184345081 951.781258082 1020.83309013 2217.81493538 463.239590093
364.026937673 953.512295119 1020.83504666 2219.66493538 463.424775278
363.869530266 955.247646971 1020.83329949 2221.51493538 463.609775278
363.712122859 956.978684008 1020.83525602 2223.36493538 463.794775278
363.554715451 958.71403586 1020.83350885 2225.21493538 463.979960464
363.397308044 960.445072897 1020.83546538 2227.06493538 464.165145649
363.239900636 962.180424748 1020.83361635 2228.91678723 464.350330834
363.082493229 963.911461785 1020.83557288 2230.76678723 464.535330834
362.925085822 965.646813637 1020.83382571 2232.61678723 464.720330834
362.767678414 967.377850674 1020.83578224 2234.46678723 464.905516019
362.610271007 969.113202526 1020.83403507 2236.31678723 465.090701205
362.4528636 970.844239562 1020.8359916 2238.16678723 465.275701205
362.295456192 972.579591414 1020.83414257 2240.01863908 465.46088639
362.138048785 974.310628451 1020.8360991 2241.86863908 465.64588639
361.980641378 976.045980303 1020.83435193 2243.71863908 465.831071575
361.82323397 977.77701734 1020.83630846 2245.56863908 466.01625676
361.665826563 979.512369191 1020.83456129 2247.41863908 466.20125676
363.146095081 979.917785858 1020.83466596 2249.26863908 466.38625676
365.275724711 979.799128451 1020.83466879 2251.12049093 466.571441946
367.405354341 979.682628451 1020.83292162 2252.97049093 466.756627131
369.534983971 979.561813636 1020.83487815 2254.82049093 466.941812316
371.6646136 979.445313636 1020.83313098 2256.67049093 467.126812316
373.79424323 979.324498821 1020.83508751 2258.52049093 467.311812316
375.92387286 979.207998821 1020.83334033 2260.37049093 467.496997502
378.053502489 979.087184006 1020.83519501 2262.22234278 467.682182687
380.183132119 978.970684006 1020.83344784 2264.07234278 467.867367872
382.312761749 978.849869191 1020.83540437 2265.92234278 468.052367872
384.442391378 978.733369191 1020.8336572 2267.77234278 468.237367872
386.572021008 978.612554376 1020.83561373 2269.62234278 468.422553057
388.701650638 978.496054376 1020.83386655 2271.47234278 468.607738243
390.831280267 978.375239562 1020.83572123 2273.32419463 468.792923428
392.960909897 978.258739562 1020.83397406 2275.17419463 468.977923428
395.090539527 978.137924747 1020.83593059 2277.02419463 469.162923428
397.220169156 978.021424747 1020.83418342 2278.87419463 469.348108613
399.349798786 977.900609932 1020.83613995 2280.72419463 469.533293798
401.479428416 977.784109932 1020.83439277 2282.57419463 469.718293798
403.609058045 977.663295117 1020.83624745 2284.42604649 469.903478984
405.738687675 977.546795117 1020.83450028 2286.27604649 470.088478984
407.868317305 977.42813771 1020.83460496 2288.12604649 470.273664169
409.997946934 977.309480302 1020.83470964 2289.97604649 470.458849354
412.127576564 977.192980302 1020.83296246 2291.82604649 470.643849354
414.257206194 977.072165487 1020.83491899 2293.67604649 470.828849354
416.386835823 976.955665487 1020.83306997 2295.52789834 471.014034539
418.516465453 976.834850673 1020.8350265 2297.37789834 471.199219725
420.646095083 976.718350673 1020.83327933 2299.22789834 471.38440491
422.775724712 976.597535858 1020.83523586 2301.07789834 471.56940491
424.905354342 976.481035858 1020.83348868 2302.92789834 471.75440491
427.034983972 976.360221043 1020.83544521 2304.77789834 471.939590095
429.164613602 976.243721043 1020.83359619 2306.62975019 472.12477528
431.294243231 976.122906228 1020.83555272 2308.47975019 472.309960466
433.423872861 976.006406228 1020.83380555 2310.32975019 472.494960466
435.553502491 975.885591413 1020.83576208 2312.17975019 472.679960466
437.68313212 975.769091413 1020.8340149 2314.02975019 472.865145651
439.81276175 975.648276598 1020.83597143 2315.87975019 473.050330836
441.94239138 975.531776598 1020.83412241 2317.73160204 473.235516021
444.072021009 975.410961784 1020.83607894 2319.58160204 473.420516021
446.201650639 975.294461784 1020.83433177 2321.43160204 473.605516021
448.331280269 975.173646969 1020.8362883 2323.28160204 473.790701207
450.460909898 975.057146969 1020.83454112 2325.13160204 473.975886392
452.590539528 974.938489561 1020.8346458 2326.98160204 474.160886392
454.720169158 974.819832154 1020.83464863 2328.83345389 474.346071577
456.849798787 974.703332154 1020.83290146 2330.68345389 474.531071577
458.979428417 974.582517339 1020.83485799 2332.53345389 474.716256762
461.109058047 974.466017339 1020.83311081 2334.38345389 474.901441947
463.238687676 974.345202524 1020.83506734 2336.23345389 475.086441947
465.368317306 974.228702524 1020.83332017 2338.08345389 475.271441948
467.497946936 974.107887709 1020.83517485 2339.93530575 475.456627133
469.627576565 973.991387709 1020.83342768 2341.78530575 475.641812318
471.757206195 973.870572895 1020.83538421 2343.63530575 475.826997503
473.886835825 973.754072895 1020.83363703 2345.48530574 476.011997503
476.016465454 973.63325808 1020.83559356 2347.33530574 476.196997503
478.146095084 973.51675808 1020.83384639 2349.18530574 476.382182688
480.275724714 973.395943265 1020.83570107 2351.0371576 476.567367874
482.405354343 973.279443265 1020.8339539 2352.8871576 476.752553059
484.534983973 973.15862845 1020.83591043 2354.7371576 476.937553059
486.664613602 973.04212845 1020.83416325 2356.5871576 477.122553059
488.794243232 972.921313635 1020.83611978 2358.4371576 477.307738244
490.923872862 972.804813635 1020.83437261 2360.2871576 477.492923429
493.053502491 972.68399882 1020.83622729 2362.13900945 477.678108615
495.183132121 972.56749882 1020.83448012 2363.98900945 477.863108615
497.312761751 972.448841413 1020.83458479 2365.83900945 478.048108615
499.44239138 972.330184006 1020.83468947 2367.68900945 478.2332938
501.57202101 972.213684006 1020.8329423 2369.53900945 478.418478985
503.701650639 972.092869191 1020.83479698 2371.3908613 478.60366417
505.831280269 971.976369191 1020.83304981 2373.2408613 478.78866417
507.960909899 971.855554376 1020.83500634 2375.0908613 478.97366417
510.090539528 971.739054376 1020.83325916 2376.9408613 479.158849356
512.220169158 971.618239561 1020.83521569 2378.7908613 479.344034541
514.349798788 971.501739561 1020.83346852 2380.6408613 479.529034541
516.479428417 971.380924746 1020.8353232 2382.49271315 479.714219726
518.609058047 971.264424746 1020.83357603 2384.34271315 479.899219726
520.738687676 971.143609932 1020.83553256 2386.19271315 480.084404911
522.868317306 971.027109932 1020.83378538 2388.04271315 480.269590097
524.997946936 970.906295117 1020.83574191 2389.89271315 480.454590097
527.127576565 970.789795117 1020.83399474 2391.74271315 480.639590097
529.257206195 970.668980302 1020.83584942 2393.594565 480.824775282
531.386835825 970.552480302 1020.83410225 2395.444565 481.009960467
533.516465454 970.431665487 1020.83605878 2397.294565 481.195145652
535.646095084 970.315165487 1020.8343116 2399.144565 481.380145652
537.775724713 970.194350672 1020.83626813 2400.994565 481.565145652
539.905354343 970.077850672 1020.83452096 2402.844565 481.750330838
542.034983973 969.957035857 1020.83637564 2404.69641686 481.935516023
544.164613602 969.840535857 1020.83462847 2406.54641686 482.120701208
546.294243232 969.724035857 1020.83288129 2408.39641686 482.305701208
548.423872861 969.603221043 1020.83483782 2410.24641686 482.490701208
550.553502491 969.486721043 1020.83309065 2412.09641686 482.675886393
552.683132121 969.365906228 1020.83504718 2413.94641686 482.861071578
554.81276175 969.249406228 1020.83319816 2415.79826871 483.046256764
556.94239138 969.128591413 1020.83515469 2417.64826871 483.231256764
559.07202101 969.012091413 1020.83340751 2419.49826871 483.416256764
561.201650639 968.891276598 1020.83536404 2421.34826871 483.601441949
563.331280269 968.774776598 1020.83361687 2423.19826871 483.786627134
565.460909898 968.653961783 1020.8355734 2425.04826871 483.971627134
567.590539528 968.537461783 1020.83372438 2426.90012056 484.156812319
569.720169158 968.416646968 1020.83568091 2428.75012056 484.341812319
571.849798787 968.300146968 1020.83393373 2430.60012056 484.526997505
573.979428417 968.179332154 1020.83589026 2432.45012056 484.71218269
576.109058047 968.062832154 1020.83414309 2434.30012056 484.89718269
578.238687676 967.942017339 1020.83609962 2436.15012056 485.08218269
580.368317306 967.825517339 1020.8342506 2438.00197241 485.267367875
582.497946935 967.704702524 1020.83620713 2439.85197241 485.45255306
584.627576565 967.588202524 1020.83445995 2441.70197241 485.637738246
586.757206195 967.467387709 1020.83641648 2443.55197241 485.822738246
588.886835824 967.350887709 1020.83466931 2445.40197241 486.007738246
591.016465454 967.234387709 1020.83292213 2447.25197241 486.192923431
593.146095084 967.113572894 1020.83477682 2449.10382426 486.378108616
595.275724713 966.997072894 1020.83302964 2450.95382426 486.563293801
597.405354343 966.87625808 1020.83498617 2452.80382426 486.748293801
599.534983972 966.75975808 1020.833239 2454.65382426 486.933293801
601.664613602 966.638943265 1020.83519553 2456.50382426 487.118478987
603.794243232 966.522443265 1020.83344835 2458.35382426 487.303664172
605.923872861 966.40162845 1020.83530304 2460.20567611 487.488849357
608.053502491 966.28512845 1020.83355586 2462.05567611 487.673849357
610.18313212 966.164313635 1020.83551239 2463.90567611 487.858849357
612.31276175 966.047813635 1020.83376522 2465.75567611 488.044034542
614.44239138 965.92699882 1020.83572175 2467.60567611 488.229219727
616.572021009 965.81049882 1020.83397457 2469.45567611 488.414219728
618.701650639 965.689684005 1020.83582926 2471.30752797 488.599404913
620.831280269 965.573184005 1020.83408208 2473.15752797 488.784404913
622.960909898 965.452369191 1020.83603861 2475.00752797 488.969590098
625.090539528 965.335869191 1020.83429144 2476.85752797 489.154775283
627.220169157 965.215054376 1020.83624797 2478.70752797 489.339775283
629.349798787 965.098554376 1020.83450079 2480.55752797 489.524775283
631.479428417 964.977739561 1020.83635548 2482.40937982 489.709960468
633.609058046 964.861239561 1020.8346083 2484.25937982 489.895145654
635.738687676 964.744739561 1020.83286113 2486.10937982 490.080330839
637.868317306 964.623924746 1020.83481766 2487.95937982 490.265330839
639.997946935 964.507424746 1020.83307048 2489.80937982 490.450330839
642.127576565 964.386609931 1020.83502701 2491.65937982 490.635516024
644.257206194 964.270109931 1020.83317799 2493.51123167 490.820701209
646.386835824 964.149295116 1020.83513452 2495.36123167 491.005886395
648.516465454 964.032795116 1020.83338735 2497.21123167 491.190886395
650.646095083 963.911980302 1020.83534388 2499.06123167 491.375886395
652.775724713 963.795480302 1020.8335967 2500.91123167 491.56107158
654.905354343 963.674665487 1020.83555323 2502.76123167 491.746256765
657.034983972 963.558165487 1020.83370421 2504.61308352 491.93144195
659.164613602 963.437350672 1020.83566074 2506.46308352 492.11644195
661.294243231 963.320850672 1020.83391357 2508.31308352 492.30144195
663.423872861 963.200035857 1020.8358701 2510.16308352 492.486627136
665.553502491 963.083535857 1020.83412292 2512.01308352 492.671812321
667.68313212 962.962721042 1020.83597761 2513.86493537 492.856997506
669.81276175 962.846221042 1020.83423043 2515.71493537 493.041997506
671.94239138 962.725406228 1020.83618696 2517.56493537 493.226997506
674.072021009 962.608906228 1020.83443979 2519.41493537 493.412182691
676.201650639 962.488091413 1020.83639632 2521.26493537 493.597367877
678.331280268 962.371591413 1020.83464914 2523.11493537 493.782367877
680.460909898 962.252934005 1020.83465197 2524.96678722 493.967553062
682.590539528 962.134276598 1020.83475665 2526.81678722 494.152553062
684.720169157 962.017776598 1020.83300948 2528.66678722 494.337738247
686.849798787 961.896961783 1020.83496601 2530.51678722 494.522923432
688.979428416 961.780461783 1020.83321883 2532.36678722 494.707923432
691.109058046 961.659646968 1020.83517536 2534.21678722 494.892923432
693.238687676 961.543146968 1020.83332634 2536.06863908 495.078108618
695.368317305 961.422332153 1020.83528287 2537.91863908 495.263293803
697.497946935 961.305832153 1020.8335357 2539.76863908 495.448478988
699.627576565 961.185017339 1020.83549223 2541.61863908 495.633478988
701.757206194 961.068517339 1020.83374505 2543.46863908 495.818478988
703.886835824 960.947702524 1020.83570158 2545.31863908 496.003664173
706.016465453 960.831202524 1020.83385256 2547.17049093 496.188849358
708.146095083 960.710387709 1020.83580909 2549.02049093 496.374034544
710.275724713 960.593887709 1020.83406192 2550.87049093 496.559034544
712.405354342 960.473072894 1020.83601845 2552.72049093 496.744034544
714.534983972 960.356572894 1020.83427127 2554.57049093 496.929219729
716.664613602 960.235758079 1020.8362278 2556.42049093 497.114404914
718.794243231 960.119258079 1020.83437878 2558.27234278 497.299590099
720.923872861 959.998443264 1020.83633531 2560.12234278 497.484590099
723.05350249 959.881943264 1020.83458814 2561.97234278 497.669590099
725.18313212 959.765443264 1020.83284096 2563.82234278 497.854775285
727.31276175 959.64462845 1020.83479749 2565.67234278 498.03996047
729.442391379 959.52812845 1020.83305032 2567.52234278 498.22496047
731.572021009 959.407313635 1020.834905 2569.37419463 498.410145655
733.701650639 959.290813635 1020.83315783 2571.22419463 498.595145655
735.831280268 959.16999882 1020.83511436 2573.07419463 498.78033084
737.960909898 959.05349882 1020.83336718 2574.92419463 498.965516026
740.090539527 958.932684005 1020.83532371 2576.77419463 499.150516026
742.220169157 958.816184005 1020.83357654 2578.62419463 499.335516026
744.349798787 958.69536919 1020.83543122 2580.47604648 499.520701211
746.479428416 958.57886919 1020.83368405 2582.32604648 499.705886396
748.609058046 958.458054376 1020.83564058 2584.17604648 499.891071581
750.738687676 958.341554376 1020.8338934 2586.02604648 500.076071581
752.868317305 958.220739561 1020.83584993 2587.87604648 500.261071581
754.997946935 958.104239561 1020.83410276 2589.72604648 500.446256767
757.127576564 957.983424746 1020.83595744 2591.57789833 500.631441952
759.257206194 957.866924746 1020.83421027 2593.42789833 500.816627137
761.386835824 957.746109931 1020.8361668 2595.27789833 501.001627137
763.516465453 957.629609931 1020.83441962 2597.12789833 501.186627137
765.646095083 957.508795116 1020.83637615 2598.97789833 501.371812322
767.775724712 957.392295116 1020.83462898 2600.82789833 501.556997508
769.905354342 957.273637709 1020.83463181 2602.67975019 501.742182693
772.034983972 957.154980301 1020.83473649 2604.52975019 501.927182693
774.164613601 957.038480301 1020.83298931 2606.37975019 502.112182693
776.294243231 956.917665487 1020.83494584 2608.22975019 502.297367878
778.423872861 956.801165487 1020.83319867 2610.07975019 502.482553063
780.55350249 956.680350672 1020.8351552 2611.92975019 502.667553063
782.68313212 956.563850672 1020.83330618 2613.78160204 502.852738248
784.812761749 956.443035857 1020.83526271 2615.63160204 503.037738249
786.942391379 956.326535857 1020.83351553 2617.48160204 503.222923434
789.072021009 956.205721042 1020.83547206 2619.33160204 503.408108619
791.201650638 956.089221042 1020.83372489 2621.18160204 503.593108619
793.331280268 955.968406227 1020.83568142 2623.03160204 503.778108619
795.460909898 955.851906227 1020.8338324 2624.88345389 503.963293804
797.590539527 955.731091412 1020.83578893 2626.73345389 504.148478989
799.720169157 955.614591412 1020.83404175 2628.58345389 504.333664175
801.849798786 955.493776598 1020.83599828 2630.43345389 504.518664175
803.979428416 955.377276598 1020.83425111 2632.28345389 504.703664175
806.109058046 955.256461783 1020.83620764 2634.13345389 504.88884936
808.238687675 955.139961783 1020.83435862 2635.98530574 505.074034545
810.368317305 955.019146968 1020.83631515 2637.83530574 505.25921973
812.497946935 954.902646968 1020.83456797 2639.68530574 505.44421973
814.627576564 954.783989561 1020.83467265 2641.53530574 505.62921973
816.757206194 954.665332153 1020.83477733 2643.38530574 505.814404916
818.886835823 954.548832153 1020.83303016 2645.23530574 505.999590101
821.016465453 954.428017338 1020.83488484 2647.08715759 506.184775286
823.146095083 954.311517338 1020.83313766 2648.93715759 506.369775286
825.275724712 954.190702524 1020.83509419 2650.78715759 506.554775286
827.405354342 954.074202524 1020.83334702 2652.63715759 506.739960471
829.534983971 953.953387709 1020.83530355 2654.48715759 506.925145657
831.664613601 953.836887709 1020.83355638 2656.33715759 507.110145657
833.794243231 953.716072894 1020.83541106 2658.18900944 507.295330842
835.92387286 953.599572894 1020.83366388 2660.03900944 507.480330842
838.05350249 953.478758079 1020.83562041 2661.88900944 507.665516027
840.18313212 953.362258079 1020.83387324 2663.73900944 507.850701212
842.312761749 953.241443264 1020.83582977 2665.58900944 508.035701212
844.442391379 953.124943264 1020.83398075 2667.4408613 508.220886398
846.572021008 953.004128449 1020.83593728 2669.2908613 508.405886398
848.701650638 952.887628449 1020.8341901 2671.1408613 508.591071583
850.831280268 952.766813635 1020.83614663 2672.9908613 508.776256768
852.960909897 952.650313635 1020.83439946 2674.8408613 508.961256768
855.090539527 952.52949882 1020.83635599 2676.6908613 509.146256768
857.220169157 952.41299882 1020.83450697 2678.54271315 509.331441953
859.349798786 952.294341412 1020.83461165 2680.39271315 509.516627139
861.479428416 952.175684005 1020.83471632 2682.24271315 509.701812324
863.609058045 952.059184005 1020.83296915 2684.09271315 509.886812324
865.738687675 951.93836919 1020.83492568 2685.94271315 510.071812324
867.868317305 951.82186919 1020.83317851 2687.79271315 510.256997509
869.997946934 951.701054375 1020.83503319 2689.644565 510.442182694
872.127576564 951.584554375 1020.83328601 2691.494565 510.627367879
874.257206194 951.46373956 1020.83524254 2693.344565 510.812367879
876.386835823 951.34723956 1020.83349537 2695.194565 510.99736788
878.516465453 951.226424746 1020.8354519 2697.044565 511.182553065
880.646095082 951.109924746 1020.83370473 2698.894565 511.36773825
882.775724712 950.989109931 1020.83555941 2700.74641685 511.552923435
884.905354342 950.872609931 1020.83381223 2702.59641685 511.737923435
887.034983971 950.751795116 1020.83576876 2704.44641685 511.922923435
889.164613601 950.635295116 1020.83402159 2706.29641685 512.10810862
891.294243231 950.514480301 1020.83597812 2708.14641685 512.293293805
893.42387286 950.397980301 1020.83423095 2709.99641685 512.478293805
895.55350249 950.277165486 1020.83608563 2711.8482687 512.66347899
897.683132119 950.160665486 1020.83433845 2713.6982687 512.84847899
899.812761749 950.039850672 1020.83629498 2715.5482687 513.033664175
901.942391379 949.923350672 1020.83454781 2717.3982687 513.21884936
904.072021008 949.804693264 1020.83465249 2719.2482687 513.40384936
906.201650638 949.686035857 1020.83475717 2721.0982687 513.58884936
908.331280267 949.569535857 1020.83290814 2722.95012055 513.774034545
910.460909897 949.448721042 1020.83486467 2724.80012055 513.95921973
912.590539527 949.332221042 1020.8331175 2726.65012055 514.144404915
914.720169156 949.211406227 1020.83507403 2728.50012055 514.329404915
916.849798786 949.094906227 1020.83332686 2730.35012055 514.514404915
918.979428416 948.974091412 1020.83528339 2732.20012055 514.6995901
921.109058045 948.857591412 1020.83343436 2734.05197241 514.884775285
923.238687675 948.736776597 1020.83539089 2735.90197241 515.06996047
925.368317304 948.620276597 1020.83364372 2737.75197241 515.25496047
927.497946934 948.499461783 1020.83560025 2739.60197241 515.43996047
929.627576564 948.382961783 1020.83385308 2741.45197241 515.625145655
931.757206193 948.262146968 1020.83580961 2743.30197241 515.81033084
933.886835823 948.145646968 1020.83396058 2745.15382426 515.995516025
936.016465453 948.024832153 1020.83591711 2747.00382426 516.180516025
938.146095082 947.908332153 1020.83416994 2748.85382426 516.365516025
940.275724712 947.787517338 1020.83612647 2750.70382426 516.55070121
942.405354341 947.671017338 1020.8343793 2752.55382426 516.735886395
944.534983971 947.550202523 1020.83633583 2754.40382426 516.920886394
946.664613601 947.433702523 1020.8344868 2756.25567611 517.10607158
948.79424323 947.315045116 1020.83459148 2758.10567611 517.291071579
950.92387286 947.196387708 1020.83469616 2759.95567611 517.476256764
953.05350249 947.079887708 1020.83294899 2761.80567611 517.661441949
955.183132119 946.959072894 1020.83490552 2763.65567611 517.846441949
957.312761749 946.842572894 1020.83315834 2765.50567611 518.031441949
959.442391378 946.721758079 1020.83501302 2767.35752796 518.216627134
961.572021008 946.605258079 1020.83326585 2769.20752796 518.401812319
963.701650638 946.484443264 1020.83522238 2771.05752796 518.586997504
965.831280267 946.367943264 1020.83347521 2772.90752796 518.771997504
967.960909897 946.247128449 1020.83543174 2774.75752796 518.956997504
970.090539527 946.130628449 1020.83368456 2776.60752796 519.142182689
972.220169156 946.009813634 1020.83553924 2778.45937981 519.327367874
974.349798786 945.893313634 1020.83379207 2780.30937981 519.512553059
976.479428415 945.77249882 1020.8357486 2782.15937981 519.697553059
978.609058045 945.65599882 1020.83400143 2784.00937981 519.882553059
980.738687675 945.535184005 1020.83595796 2785.85937981 520.067738244
982.868317304 945.418684005 1020.83421078 2787.70937981 520.252923429
984.997946934 945.29786919 1020.83606546 2789.56123166 520.438108614
987.127576563 945.18136919 1020.83431829 2791.41123166 520.623108614
989.257206193 945.060554375 1020.83627482 2793.26123166 520.808108614
991.386835823 944.944054375 1020.83452765 2795.11123166 520.993293799
993.516465452 944.825396968 1020.83463232 2796.96123166 521.178478984
995.646095082 944.70673956 1020.834737 2798.81123166 521.363478984
997.775724712 944.59023956 1020.83288798 2800.66308352 521.548664169
999.905354341 944.469424745 1020.83484451 2802.51308352 521.733664169
1000.0033173 944.352924745 1020.83309734 2804.36308352 521.918849354
1000.0033173 944.232109931 1020.83505387 2806.21308352 522.104034539
1000.0033173 944.115609931 1020.83330669 2808.06308352 522.289034539
1000.0033173 943.994795116 1020.83516137 2809.91493537 522.474219724
1000.0033173 943.878295116 1020.8334142 2811.76493537 522.659219724
1000.0033173 943.757480301 1020.83537073 2813.61493537 522.844404909
1000.0033173 943.640980301 1020.83362356 2815.46493537 523.029590094
1000.0033173 943.520165486 1020.83558009 2817.31493537 523.214590093
1000.0033173 943.403665486 1020.83383291 2819.16493537 523.399590093
1000.0033173 943.282850671 1020.83568759 2821.01678722 523.584775278
1000.0033173 943.166350671 1020.83394042 2822.86678722 523.769960463
1000.0033173 943.045535856 1020.83589695 2824.71678722 523.955145648
1000.0033173 942.929035856 1020.83414978 2826.56678722 524.140145648
1000.0033173 942.808221042 1020.83610631 2828.41678722 524.325145648
1000.0033173 942.691721042 1020.83435913 2830.26678722 524.510330833
1000.0033173 942.570906227 1020.83621381 2832.11863907 524.695516018
1000.0033173 942.454406227 1020.83446664 2833.96863907 524.880701203
1000.0033173 942.333591412 1020.83642317 2835.81863907 525.065701203
1000.0033173 942.217091412 1020.834676 2837.66863907 525.250701203
1000.0033173 942.100591412 1020.83292882 2839.51863907 525.435886388
1000.0033173 941.979776597 1020.83488535 2841.36863907 525.621071573
1000.0033173 941.863276597 1020.83303633 2843.22049092 525.806256758
1000.0033173 941.742461782 1020.83499286 2845.07049092 525.991256758
1000.0033173 941.625961782 1020.83324569 2846.92049092 526.176256758
1000.0033173 941.505146968 1020.83520222 2848.77049092 526.361441943
1000.0033173 941.388646968 1020.83345504 2850.62049092 526.546627128
1000.0033173 941.267832153 1020.83541157 2852.47049092 526.731627128
1000.0033173 941.151332153 1020.83356255 2854.32234277 526.916812313
1000.0033173 941.030517338 1020.83551908 2856.17234277 527.101812313
1000.0033173 940.914017338 1020.83377191 2858.02234277 527.286997498
1000.0033173 940.793202523 1020.83572844 2859.87234277 527.472182683
1000.0033173 940.676702523 1020.83398126 2861.72234277 527.657182683
1000.0033173 940.555887708 1020.83593779 2863.57234277 527.842182683
1000.0033173 940.439387708 1020.83408877 2865.42419463 528.027367868
1000.0033173 940.318572893 1020.8360453 2867.27419463 528.212553053
1000.0033173 940.202072893 1020.83429813 2869.12419463 528.397738238
1000.0033173 940.081258079 1020.83625466 2870.97419463 528.582738238
1000.0033173 939.964758079 1020.83450748 2872.82419463 528.767738237
1000.0033173 939.846100671 1020.83461216 2874.67419463 528.952923422
1000.0033173 939.727443264 1020.83461499 2876.52604648 529.138108608
1000.0033173 939.610943264 1020.83286782 2878.37604648 529.323293793
1000.0033173 939.490128449 1020.83482435 2880.22604648 529.508293792
1000.0033173 939.373628449 1020.83307717 2882.07604648 529.693293792
1000.0033173 939.252813634 1020.8350337 2883.92604648 529.878478977
1000.0033173 939.136313634 1020.83328653 2885.77604648 530.063664162
1000.0033173 939.015498819 1020.83514121 2887.62789833 530.248849347
1000.0033173 938.898998819 1020.83339404 2889.47789833 530.433849347
1000.0033173 938.778184004 1020.83535057 2891.32789833 530.618849347
1000.0033173 938.661684004 1020.83360339 2893.17789833 530.804034532
1000.0033173 938.54086919 1020.83555992 2895.02789833 530.989219717
1000.0033173 938.42436919 1020.83381275 2896.87789833 531.174219717
1000.0033173 938.303554375 1020.83566743 2898.72975018 531.359404902
1000.0033173 938.187054375 1020.83392026 2900.57975018 531.544404902
1000.0033173 938.06623956 1020.83587679 2902.42975018 531.729590087
1000.0033173 937.94973956 1020.83412961 2904.27975018 531.914775272
1000.0033173 937.828924745 1020.83608614 2906.12975018 532.099775272
1000.0033173 937.712424745 1020.83433897 2907.97975018 532.284775272
1000.0033173 937.59160993 1020.83619365 2909.83160203 532.469960457
1000.0033173 937.47510993 1020.83444648 2911.68160203 532.655145642
1000.0033173 937.354295116 1020.83640301 2913.53160203 532.840330827
