LIT101 LIT301 LIT401 LS601 LS602
641.740969546 606.343750273 581.875597336 512.844105822 440.630016157
641.740969546 604.197129902 583.616748302 514.688550266 440.814460601
641.740969546 602.039722495 585.36685298 516.538550266 440.999460601
641.740969546 599.882315088 587.116957659 518.388550266 441.184460601
641.740969546 597.72490768 588.867062337 520.238550266 441.369460601
641.740969546 595.567500273 590.617167015 522.088550266 441.554460601
641.740969546 593.410092865 592.367169844 523.940402118 441.739645787
641.740969546 591.252685458 594.117274523 525.790402118 441.924645787
641.740969546 589.09527805 595.867379201 527.640402118 442.109645787
641.740969546 586.937870643 597.617483879 529.490402118 442.294645787
641.740969546 584.780463235 599.367588557 531.340402118 442.479645787
641.740969546 582.623055828 601.117693235 533.190402118 442.664645787
641.740969546 580.46564842 602.867696065 535.042253969 442.849830972
641.740969546 578.308241013 604.617800743 536.892253969 443.034830972
641.740969546 576.150833605 606.367905421 538.742253969 443.219830972
641.740969546 573.993426198 608.118010099 540.592253969 443.404830972
641.740969546 571.83601879 609.868114778 542.442253969 443.589830972
641.740969546 569.678611383 611.618219456 544.292253969 443.774830972
641.740969546 567.521203975 613.368222285 546.144105821 443.960016157
641.740969546 565.363796568 615.118326963 547.994105821 444.145016157
641.740969546 563.20638916 616.868431642 549.844105821 444.330016157
641.740969546 561.048981753 618.61853632 551.69410582 444.515016157
641.740969546 558.891574345 620.368640998 553.54410582 444.700016157
641.740969546 556.734166938 622.118745676 555.39410582 444.885016158
641.740969546 554.57675953 623.868748505 557.245957672 445.070201343
641.740969546 552.419352123 625.618853184 559.095957672 445.255201343
641.740969546 550.261944715 627.368957862 560.945957672 445.440201343
641.740969546 548.104537308 629.11906254 562.795957672 445.625201343
641.740969546 545.9471299 630.869167218 564.645957672 445.810201343
641.740969546 543.789722493 632.619271897 566.495957672 445.995201343
641.740969546 541.632315085 634.369274726 568.347809523 446.180386528
641.740969546 539.474907678 636.119379404 570.197809523 446.365386528
641.740969546 537.31750027 637.869484082 572.047809523 446.550386528
641.740969546 535.160092863 639.619588761 573.897809523 446.735386528
641.740969546 533.002685455 641.369693439 575.747809523 446.920386528
641.740969546 530.845278048 643.119798117 577.597809523 447.105386528
641.740969546 528.68787064 644.869800946 579.449661375 447.290571714
641.740969546 528.683555825 644.771757476 581.299661375 445.646127269
641.740969546 528.683555825 644.670010303 583.149661374 443.979275417
641.740969546 528.683555825 644.568263129 584.999661374 442.312423565
641.740969546 528.683555825 644.466515955 586.849661374 440.645756899
641.740969546 528.683555825 644.364768782 588.699661374 438.979090232
641.740969546 528.683555825 644.262919759 590.551513226 437.312423565
641.740969546 528.683555825 644.161172585 592.401513226 437.123349491
641.740969546 528.683555825 644.059425411 594.251513225 437.308349491
641.740969546 528.683555825 643.957678238 596.101513225 437.493534677
641.740969546 528.683555825 643.855931064 597.951513225 437.678719862
641.740969546 528.683555825 643.75418389 599.801513225 437.863719862
641.740969546 528.683555825 643.652334868 601.653365077 438.048905047
641.740969546 527.393426196 644.657995101 603.503365077 438.233905047
641.740969546 525.236018788 646.40809978 605.353365076 438.419090232
641.740969546 523.078611381 648.158204458 607.203365076 438.604275418
641.740969546 520.921203973 649.908309136 609.053365076 438.789275418
641.740969546 518.763796566 651.658413814 610.903365076 438.974275418
641.740969546 516.606389158 653.408416644 612.755216928 439.159460603
641.740969546 514.448981751 655.158521322 614.605216928 439.344645788
641.740969546 512.291574343 656.908626 616.455216928 439.529830973
641.740969546 510.134166936 658.658730678 618.305216928 439.714830973
641.740969546 507.976759528 660.408835356 620.155216928 439.899830973
641.740969546 505.819352121 662.158940035 622.005216928 440.085016159
641.740969546 503.661944713 663.908942864 623.857068779 440.270201344
641.740969546 501.504537306 665.659047542 625.707068779 440.455386529
641.740969546 499.347129899 667.40915222 627.557068779 440.640386529
641.740969546 497.189722491 669.159256899 629.407068779 440.825386529
641.740969546 495.032315084 670.909361577 631.257068779 441.010571714
641.740969546 492.874907677 672.659466255 633.107068779 441.1957569
641.740969546 490.717500269 674.409469084 634.958920631 441.380942085
640.222376953 489.789722491 676.159573763 636.808920631 441.565942085
637.935339916 489.484166936 677.909678441 638.658920631 441.750942085
635.648302879 489.17861138 679.659783119 640.50892063 441.93612727
633.361265841 488.873055825 681.409887797 642.35892063 442.121312455
631.074228804 488.567500269 683.159992476 644.20892063 442.306312455
628.787191767 488.261944714 684.909995305 646.060772482 442.491497641
626.50015473 487.956389159 686.660099983 647.910772482 442.676497641
624.213117693 487.650833603 688.410204661 649.760772482 442.861682826
621.926080656 487.345278048 690.160309339 651.610772482 443.046868011
619.639043619 487.039722492 691.910414018 653.460772482 443.231868011
617.352006581 486.734166937 693.660518696 655.310772482 443.416868011
615.064969544 486.428611381 695.410521525 657.162624334 443.602053196
612.777932507 486.123055825 697.160626203 659.012624333 443.787238381
610.49089547 485.81750027 698.910730882 660.862624333 443.972423567
608.203858433 485.511944714 700.66083556 662.712624333 444.157423567
605.916821396 485.206389159 702.410940238 664.562624333 444.342423567
603.629784359 484.900833603 704.160943067 666.414476185 444.527608752
601.342747321 484.595278048 705.911047746 668.264476185 444.712793937
599.055710284 486.442815085 705.813004276 670.114476184 443.068349493
596.768673247 488.294666937 705.711257102 671.964476184 441.401497641
594.48163621 490.146518789 705.609509928 673.814476184 439.734645789
592.194599173 491.99837064 705.507762755 675.664476184 438.067979122
589.907562136 493.850222492 705.405913732 677.516328036 436.401312456
587.620525099 495.702074344 705.304166558 679.366328036 434.734645789
585.333488061 497.553926196 705.202419384 681.216328035 434.545571715
583.046451024 499.405778048 705.100672211 683.066328035 434.730571715
580.759413987 501.2576299 704.998925037 684.916328035 434.9157569
578.47237695 503.109481752 704.897177863 686.766328035 435.100942085
576.185339913 504.961333604 704.795328841 688.618179887 435.286127271
573.898302876 506.813185455 704.693581667 690.468179887 435.471127271
571.611265839 507.374907678 705.699241901 692.318179886 435.656127271
569.324228801 507.069352122 707.449346579 694.168179886 435.841312456
567.037191764 506.763796567 709.199451257 696.018179886 436.026497641
564.750154727 506.458241011 710.949555935 697.868179886 436.211497641
562.46311769 506.152685456 712.699558764 699.720031738 436.396682826
560.176080653 505.8471299 714.449663443 701.570031738 436.581682826
557.889043616 505.541574344 716.199768121 703.420031738 436.766868012
555.602006578 505.236018789 717.949872799 705.270031738 436.952053197
553.314969541 504.930463233 719.699977477 707.120031738 437.137053197
551.027932504 504.624907678 721.450082156 708.970031738 437.322053197
548.740895467 504.319352122 723.200084985 710.82188359 437.507238382
546.45385843 504.013796567 724.950189663 712.67188359 437.692423567
544.166821393 503.708241011 726.700294341 714.52188359 437.877608753
541.879784356 503.402685456 728.45039902 716.37188359 438.062608753
539.592747318 503.0971299 730.200503698 718.22188359 438.247608753
537.305710281 502.791574345 731.950608376 720.07188359 438.432793938
535.018673244 502.486018789 733.700611205 721.923735441 438.617979123
532.731636207 502.180463234 735.450715884 723.773735441 438.803164308
530.44459917 501.874907678 737.200820562 725.623735441 438.988164308
528.157562133 501.569352122 738.95092524 727.473735441 439.173164308
525.870525096 501.263796567 740.701029918 729.323735441 439.358349494
523.583488058 500.958241011 742.451134597 731.173735441 439.543534679
521.296451021 500.652685456 744.201137426 733.025587292 439.728719864
519.009413984 500.3471299 745.951242104 734.875587292 439.913719864
516.722376947 500.041574345 747.701346782 736.725587292 440.098719864
514.43533991 499.736018789 749.451451461 738.575587292 440.283905049
512.148302873 499.430463234 751.201556139 740.425587292 440.469090235
509.861265836 499.124907679 752.951660817 742.275587292 440.654090235
507.574228799 498.819352123 754.701663646 744.127439143 440.83927542
505.287191762 498.513796568 756.451768325 745.977439143 441.02427542
503.000154725 498.208241012 758.201873003 747.827439143 441.209460605
500.713117688 497.902685457 759.951977681 749.677439143 441.39464579
499.889136206 497.597129901 761.702082359 751.527439143 441.57964579
499.731728799 497.291574346 763.452187038 753.377439143 441.76464579
499.574321391 496.98601879 765.202189867 755.229290994 441.949830976
499.416913984 496.680463235 766.952294545 757.079290994 442.135016161
499.259506577 498.528000272 766.854251075 758.929290994 440.490571716
499.102099169 500.379852124 766.752503901 760.779290994 438.823719864
498.944691762 502.231703975 766.650756728 762.629290994 437.156868013
498.787284355 504.083555827 766.549009554 764.479290994 435.490201346
498.629876947 505.935407679 766.447160531 766.331142845 433.823534679
498.47246954 507.787259531 766.345413358 768.181142845 432.156868013
498.315062133 509.639111383 766.243666184 770.031142845 431.967793939
498.157654725 511.490963235 766.14191901 771.881142845 432.152793939
498.000247318 513.342815087 766.040171836 773.731142845 432.337979124
497.84283991 515.194666938 765.938424663 775.581142845 432.523164309
497.685432503 517.04651879 765.83657564 777.432994696 432.708349494
497.528025096 518.898370642 765.734828466 779.282994696 432.893349494
497.370617688 519.460092864 766.7404887 781.132994696 433.078349494
497.213210281 519.154537308 768.490593378 782.982994696 433.26353468
497.055802874 518.848981753 770.240698057 784.832994696 433.448719865
496.898395466 518.543426197 771.990802735 786.682994696 433.633719865
496.740988059 518.237870642 773.740805564 788.534846548 433.81890505
496.583580652 517.932315086 775.490910242 790.384846547 434.00390505
496.426173244 517.626759531 777.24101492 792.234846547 434.189090235
496.268765837 517.321203975 778.991119599 794.084846547 434.374275421
496.11135843 517.01564842 780.741224277 795.934846547 434.559275421
495.953951022 516.710092864 782.491328955 797.784846547 434.744275421
495.796543615 516.404537309 784.241331784 799.636698399 434.929460606
495.639136207 516.098981753 785.991436462 801.486698399 435.114645791
495.4817288 515.793426197 787.74154114 803.336698399 435.299830977
495.324321393 515.487870642 789.491645818 805.186698399 435.484830977
495.166913985 515.182315086 791.241750496 807.036698399 435.669830977
495.009506578 514.876759531 792.991753326 808.888550251 435.855016162
494.852099171 514.571203975 794.741858004 810.738550251 436.040201347
494.694691763 514.26564842 796.491962682 812.588550251 436.225386533
494.537284356 513.960092864 798.24206736 814.438550251 436.410386533
494.379876949 513.654537309 799.992172039 816.288550251 436.595386533
494.222469541 513.348981753 801.742276717 818.138550251 436.780571718
494.065062134 513.043426198 803.492279546 819.990402103 436.965756903
493.907654727 512.737870642 805.242384224 821.840402103 437.150942089
493.750247319 512.432315086 806.992488903 823.690402103 437.335942089
493.592839912 512.126759531 808.742593581 825.540402103 437.520942089
493.435432504 511.821203975 810.492698259 827.390402103 437.706127274
493.278025097 511.51564842 812.242802937 829.240402102 437.891312459
493.12061769 511.210092864 813.992805767 831.092253954 438.076497645
492.963210282 510.904537309 815.742910445 832.942253954 438.261497645
492.805802875 510.598981753 817.493015123 834.792253954 438.446497645
492.648395468 510.293426198 819.243119801 836.642253954 438.63168283
492.49098806 509.987870643 820.99322448 838.492253954 438.816868015
492.333580653 509.682315087 822.743329158 840.342253954 439.001868016
492.176173246 509.376759532 824.493331987 842.194105806 439.187053201
492.018765838 509.071203976 826.243436665 844.044105806 439.372053201
491.861358431 508.765648421 827.993541344 845.894105806 439.557238386
491.703951024 510.613185458 827.895497874 847.744105806 437.912793942
491.546543616 512.465037309 827.7937507 849.594105806 436.24594209
491.389136209 514.316889161 827.692003526 851.444105806 434.579090238
491.231728801 516.168741013 827.590154504 853.295957657 432.912423571
491.074321394 518.020592865 827.48840733 855.145957657 431.245756905
490.916913987 519.872444716 827.386660156 856.995957657 429.579090238
490.759506579 521.724296568 827.284912982 858.845957657 429.390016164
490.602099172 523.57614842 827.183165809 860.695957657 429.575016164
490.444691765 525.428000271 827.081418635 862.545957657 429.760201349
490.287284357 527.279852123 826.979569612 864.397809508 429.945386534
490.12987695 529.131703975 826.877822439 866.247809508 430.13057172
489.972469543 530.983555827 826.776075265 868.097809508 430.31557172
489.815062135 531.545278049 827.781735499 869.947809508 430.50057172
489.657654728 531.239722493 829.531840177 871.797809508 430.685756905
489.500247321 530.934166938 831.281944855 873.647809508 430.87094209
489.342839913 530.628611382 833.031947684 875.49966136 431.056127276
489.185432506 530.323055827 834.782052363 877.34966136 431.241127276
489.028025098 530.017500271 836.532157041 879.19966136 431.426127276
488.870617691 529.711944716 838.282261719 881.04966136 431.611312461
488.713210284 529.40638916 840.032366397 882.89966136 431.796497646
488.555802876 529.100833604 841.782471076 884.74966136 431.981497646
488.398395469 528.795278049 843.532473905 886.601513211 432.166682832
488.240988062 528.489722493 845.282578583 888.451513211 432.351682832
488.083580654 528.184166938 847.032683261 890.301513211 432.536868017
487.926173247 527.878611382 848.78278794 892.151513211 432.722053202
487.76876584 527.573055827 850.532892618 894.001513211 432.907053202
487.611358432 527.267500271 852.282997296 895.851513211 433.092053202
487.453951025 526.961944716 854.033000125 897.703365063 433.277238388
487.296543618 526.65638916 855.783104804 899.553365063 433.462423573
487.13913621 526.350833605 857.533209482 901.403365063 433.647608758
486.981728803 526.045278049 859.28331416 903.253365063 433.832608758
486.824321395 525.739722493 861.033418838 905.103365063 434.017608758
486.666913988 525.434166938 862.783523517 906.953365063 434.202793944
486.509506581 525.128611382 864.533526346 908.805216915 434.387979129
486.352099173 524.823055827 866.283631024 910.655216915 434.573164314
486.194691766 524.517500271 868.033735702 912.505216915 434.758164314
486.037284359 524.211944716 869.783840381 914.355216915 434.943164314
485.879876951 523.90638916 871.533945059 916.205216915 435.1283495
485.722469544 523.600833605 873.284049737 918.055216915 435.313534685
485.565062137 523.295278049 875.034052566 919.907068766 435.49871987
485.407654729 522.989722494 876.784157245 921.757068766 435.68371987
485.250247322 522.684166938 878.534261923 923.607068766 435.86871987
485.092839915 522.378611383 880.284366601 925.457068766 436.053905056
484.935432507 522.073055827 882.034471279 927.307068766 436.239090241
484.7780251 521.767500271 883.784575958 929.157068766 436.424090241
484.620617692 521.461944716 885.534578787 931.008920618 436.609275426
484.463210285 521.15638916 887.284683465 932.858920618 436.794275426
484.305802878 520.850833605 889.034788143 934.708920618 436.979460612
484.14839547 522.698370642 888.936744673 936.558920618 435.335016167
483.990988063 524.550222493 888.8349975 938.408920618 433.668164315
483.833580656 526.402074345 888.733250326 940.258920617 432.001312463
483.676173248 528.253926197 888.631401303 942.110772469 430.334645797
483.518765841 530.105778049 888.52965413 943.960772469 428.66797913
483.361358434 531.9576299 888.427906956 945.810772469 427.001312463
483.203951026 533.809481752 888.326159782 947.660772469 426.812238389
483.046543619 535.661333604 888.224412608 949.510772469 426.997238389
482.889136212 537.513185455 888.122665435 951.360772468 427.182423575
482.731728804 539.365037307 888.020816412 953.21262432 427.36760876
482.574321397 541.216889159 887.919069238 955.06262432 427.552793945
482.416913989 543.068741011 887.817322065 956.91262432 427.737793945
482.259506582 543.630463233 888.822982298 958.76262432 427.922793945
482.102099175 543.324907677 890.573086977 960.61262432 428.10797913
481.944691767 543.019352122 892.323089806 962.464476171 428.293164316
481.78728436 542.713796566 894.073194484 964.314476171 428.478349501
481.629876953 542.408241011 895.823299162 966.164476171 428.663349501
481.472469545 542.102685455 897.573403841 968.014476171 428.848349501
481.315062138 541.797129899 899.323508519 969.864476171 429.033534686
481.157654731 541.491574344 901.073613197 971.714476171 429.218719871
481.000247323 541.186018788 902.823616026 973.566328022 429.403905057
480.842839916 540.880463233 904.573720705 975.416328022 429.588905057
480.685432509 540.574907677 906.323825383 977.266328022 429.773905057
480.528025101 540.269352122 908.073930061 979.116328022 429.959090242
480.370617694 539.963796566 909.824034739 980.966328022 430.144275427
480.213210286 539.658241011 911.574139418 982.816328022 430.329275427
480.055802879 539.352685455 913.324142247 984.668179873 430.514460612
479.898395472 539.0471299 915.074246925 986.518179873 430.699460612
479.740988064 538.741574344 916.824351603 988.368179873 430.884645798
479.583580657 538.436018788 918.574456282 990.218179873 431.069830983
479.42617325 538.130463233 920.32456096 992.068179873 431.254830983
479.268765842 537.824907677 922.074665638 993.918179873 431.439830983
479.111358435 537.519352122 923.824668467 995.770031724 431.625016168
478.953951028 537.213796566 925.574773146 997.620031724 431.810201353
478.79654362 536.908241011 927.324877824 999.470031724 431.995386538
478.639136213 536.602685455 929.074982502 1001.32003172 432.180386538
478.481728806 536.2971299 930.82508718 1003.17003172 432.365386539
478.324321398 535.991574344 932.575191859 1005.02003172 432.550571724
478.166913991 535.686018789 934.325194688 1006.87188358 432.735756909
478.009506583 535.380463233 936.075299366 1008.72188358 432.920942094
477.852099176 535.074907678 937.825404044 1010.57188358 433.105942094
477.694691769 534.769352122 939.575508723 1012.42188357 433.290942094
477.537284361 534.463796566 941.325613401 1014.27188357 433.476127279
477.379876954 534.158241011 943.075718079 1016.12188357 433.661312465
477.222469547 533.852685455 944.825720908 1017.97373543 433.84649765
477.065062139 533.5471299 946.575825587 1019.82373543 434.03149765
476.907654732 533.241574344 948.325930265 1021.67373543 434.21649765
476.750247325 532.936018789 950.076034943 1023.52373543 434.401682835
476.592839917 534.783555826 949.977991473 1025.37373543 432.757238391
476.43543251 536.635407677 949.876244299 1027.22373543 431.090386539
476.278025103 538.487259529 949.774395277 1029.07558728 429.423719872
476.120617695 540.339111381 949.672648103 1030.92558728 427.75686802
475.963210288 542.190963232 949.570900929 1032.77558728 426.090201354
475.80580288 544.042815084 949.469153756 1034.62558728 424.423534687
475.648395473 545.894666936 949.367406582 1036.47558728 424.234460613
475.490988066 547.746518788 949.265659408 1038.32558728 424.419460613
475.333580658 549.598370639 949.163810385 1040.17743913 424.604645798
475.176173251 551.450222491 949.062063212 1042.02743913 424.789830983
475.018765844 553.302074343 948.960316038 1043.87743913 424.975016169
474.861358436 555.153926194 948.858568864 1045.72743913 425.160016169
474.703951029 555.715648417 949.864229098 1047.57743913 425.345016169
474.546543622 555.410092861 951.614333776 1049.42743913 425.530201354
474.389136214 555.104537306 953.364336606 1051.27929098 425.715386539
474.231728807 554.79898175 955.114441284 1053.12929098 425.900571724
474.074321399 554.493426194 956.864545962 1054.97929098 426.085571724
473.916913992 554.187870639 958.61465064 1056.82929098 426.270571724
473.759506585 553.882315083 960.364755319 1058.67929099 426.45575691
473.602099177 553.576759528 962.114859997 1060.52929099 426.640942095
473.44469177 553.271203972 963.864862826 1062.38114284 426.82612728
473.287284363 552.965648417 965.614967504 1064.23114284 427.01112728
473.129876955 552.660092861 967.365072183 1066.08114284 427.19612728
472.972469548 552.354537306 969.115176861 1067.93114284 427.381312465
472.815062141 552.04898175 970.865281539 1069.78114284 427.566497651
472.657654733 551.743426195 972.615386217 1071.63114284 427.751497651
472.500247326 551.437870639 974.365389047 1073.48299469 427.936682836
472.342839919 551.132315083 976.115493725 1075.33299469 428.121682836
472.185432511 550.826759528 977.865598403 1077.18299469 428.306868021
472.028025104 550.521203972 979.615703081 1079.03299469 428.492053206
471.870617696 550.215648417 981.36580776 1080.88299469 428.677053206
471.713210289 549.910092861 983.115912438 1082.73299469 428.862053206
471.555802882 549.604537306 984.865915267 1084.58484654 429.047238392
471.398395474 549.29898175 986.616019945 1086.43484654 429.232423577
471.240988067 548.993426195 988.366124624 1088.28484654 429.417608762
471.08358066 548.687870639 990.116229302 1090.13484654 429.602608762
470.926173252 548.382315084 991.86633398 1091.98484654 429.787608762
470.768765845 548.076759528 993.616438658 1093.83484654 429.972793947
470.611358438 547.771203973 995.366441488 1095.6866984 430.157979133
470.45395103 547.465648417 997.116546166 1097.5366984 430.343164318
470.296543623 547.160092861 998.866650844 1099.3866984 430.528164318
470.139136216 546.854537306 1000.61675552 1101.2366984 430.713164318
469.981728808 546.54898175 1002.3668602 1103.0866984 430.898349503
469.824321401 546.243426195 1004.11686303 1104.93855025 431.083534688
469.666913993 545.937870639 1005.86696771 1106.78855025 431.268719873
469.509506586 545.632315084 1007.61707239 1108.63855025 431.453719873
469.352099179 545.326759528 1009.36717706 1110.48855025 431.638719873
469.194691771 545.021203973 1011.11728174 1112.33855025 431.823905059
469.037284364 546.86874101 1011.01923827 1114.18855025 430.179460614
468.879876957 548.720592861 1010.91738925 1116.0404021 428.512793948
468.722469549 550.572444713 1010.81564208 1117.8904021 426.845942096
468.565062142 552.424296565 1010.7138949 1119.7404021 425.179090244
468.407654735 554.276148416 1010.61214773 1121.5904021 423.512423577
468.250247327 556.128000268 1010.51040056 1123.4404021 421.845756911
468.09283992 557.97985212 1010.40865338 1125.2904021 421.656682837
467.935432513 559.831703972 1010.30680436 1127.14225396 421.841868022
467.778025105 561.683555823 1010.20505719 1128.99225396 422.026868022
467.620617698 563.535407675 1010.10331001 1130.84225396 422.212053207
467.46321029 565.387259527 1010.00156284 1132.69225396 422.397238392
467.305802883 567.239111378 1009.89981566 1134.54225396 422.582238392
467.148395476 567.800833601 1010.9054759 1136.39225396 422.767238392
466.990988068 567.495278045 1012.65547873 1138.24410581 422.952423577
466.833580661 567.189722489 1014.40558341 1140.09410581 423.137608763
466.676173254 566.884166934 1016.15568808 1141.94410581 423.322793948
466.518765846 566.578611378 1017.90579276 1143.79410581 423.507793948
466.361358439 566.273055823 1019.65589744 1145.64410581 423.692793948
466.203951032 566.631981749 1020.83563175 1147.49410581 423.877979133
466.046543624 568.3673336 1020.83378273 1149.34595766 424.063164318
465.889136217 570.098370637 1020.83573926 1151.19595766 424.248349504
465.73172881 571.833722489 1020.83399208 1153.04595766 424.433349504
465.574321402 573.564759526 1020.83594861 1154.89595766 424.618349504
465.416913995 575.300111378 1020.83420144 1156.74595766 424.803534689
465.259506587 577.031148415 1020.83615797 1158.59595766 424.988719874
465.10209918 578.766500266 1020.83430895 1160.44780951 425.173905059
464.944691773 580.497537303 1020.83626548 1162.29780951 425.358905059
464.787284365 582.232889155 1020.8345183 1164.14780952 425.543905059
464.629876958 583.966083599 1020.83462298 1165.99780952 425.729090245
464.472469551 585.699278044 1020.83472766 1167.84780952 425.91427543
464.315062143 587.434629895 1020.83298048 1169.69780952 426.09927543
464.157654736 589.165666932 1020.83483517 1171.54966137 426.284460615
464.000247329 590.901018784 1020.83308799 1173.39966137 426.469460615
463.842839921 592.632055821 1020.83504452 1175.24966137 426.6546458
463.685432514 594.367407673 1020.83329735 1177.09966137 426.839830986
463.528025107 596.098444709 1020.83525388 1178.94966137 427.024830986
463.370617699 597.833796561 1020.8335067 1180.79966137 427.209830986
463.213210292 599.564833598 1020.83536139 1182.65151322 427.395016171
463.055802884 601.30018545 1020.83361421 1184.50151322 427.580201356
462.898395477 603.031222487 1020.83557074 1186.35151322 427.765386541
462.74098807 604.766574338 1020.83382357 1188.20151322 427.950386541
462.583580662 606.497611375 1020.8357801 1190.05151322 428.135386541
462.426173255 608.232963227 1020.83403292 1191.90151322 428.320571727
462.268765848 609.964000264 1020.83588761 1193.75336507 428.505756912
462.11135844 611.699352116 1020.83414043 1195.60336507 428.690942097
461.953951033 613.430389153 1020.83609696 1197.45336507 428.875942097
461.796543626 615.165741004 1020.83434979 1199.30336507 429.060942097
461.639136218 616.896778041 1020.83630632 1201.15336507 429.246127282
461.481728811 618.632129893 1020.83455914 1203.00336507 429.431312467
461.324321404 620.36316693 1020.83641383 1204.85521693 429.616497653
461.166913996 622.098518782 1020.83466665 1206.70521693 429.801497653
461.009506589 623.833870633 1020.83291948 1208.55521693 429.986497653
460.852099181 625.56490767 1020.83487601 1210.40521693 430.171682838
460.694691774 627.300259522 1020.83312883 1212.25521693 430.356868023
460.537284367 629.031296559 1020.83508536 1214.10521693 430.541868023
460.379876959 630.76664841 1020.83323634 1215.95706878 430.727053208
460.222469552 632.497685447 1020.83519287 1217.80706878 430.912053208
460.065062145 634.233037299 1020.8334457 1219.65706878 431.097238394
459.907654737 635.964074336 1020.83540223 1221.50706878 431.282423579
459.75024733 637.699426188 1020.83365505 1223.35706878 431.467423579
459.592839923 639.430463225 1020.83561158 1225.20706878 431.652423579
459.435432515 641.165815076 1020.83376256 1227.05892063 431.837608764
459.278025108 642.896852113 1020.83571909 1228.90892063 432.022793949
459.120617701 644.632203965 1020.83397192 1230.75892063 432.207979135
458.963210293 646.363241002 1020.83592845 1232.60892063 432.392979135
458.805802886 648.098592854 1020.83418127 1234.45892063 432.577979135
458.648395478 649.829629891 1020.8361378 1236.30892063 432.76316432
458.490988071 651.564981742 1020.83428878 1238.16077249 432.948349505
458.333580664 653.296018779 1020.83624531 1240.01077249 433.13353469
458.176173256 655.031370631 1020.83449814 1241.86077249 433.31853469
458.018765849 656.764565075 1020.83460282 1243.71077249 433.50353469
457.861358442 658.497759519 1020.83470749 1245.56077249 433.688719876
457.703951034 660.233111371 1020.83296032 1247.41077249 433.873905061
457.546543627 661.964148408 1020.834815 1249.26262434 434.059090246
457.38913622 663.69950026 1020.83306783 1251.11262434 434.244090246
457.231728812 665.430537297 1020.83502436 1252.96262434 434.429090246
457.074321405 667.165889148 1020.83327718 1254.81262434 434.614275431
456.916913998 668.896926185 1020.83523371 1256.66262434 434.799460617
456.75950659 670.632278037 1020.83338469 1258.51447619 434.984645802
456.602099183 672.363315074 1020.83534122 1260.36447619 435.169645802
456.444691775 674.098666926 1020.83359405 1262.21447619 435.354645802
456.287284368 675.829703963 1020.83555058 1264.06447619 435.539830987
456.129876961 677.565055814 1020.8338034 1265.91447619 435.725016172
455.972469553 679.296092851 1020.83575993 1267.76447619 435.910016172
455.815062146 681.031444703 1020.83391091 1269.61632805 436.095201357
455.657654739 682.76248174 1020.83586744 1271.46632805 436.280201358
455.500247331 684.497833592 1020.83412027 1273.31632805 436.465386543
455.342839924 686.228870628 1020.8360768 1275.16632805 436.650571728
455.185432517 687.96422248 1020.83432962 1277.01632805 436.835571728
455.028025109 689.695259517 1020.83628615 1278.86632805 437.020571728
454.870617702 691.430611369 1020.83443713 1280.7181799 437.205756913
454.713210295 693.161648406 1020.83639366 1282.5681799 437.390942098
454.555802887 694.897000257 1020.83464649 1284.4181799 437.576127284
454.39839548 696.632352109 1020.83289931 1286.2681799 437.761127284
454.240988072 698.363389146 1020.83485584 1288.1181799 437.946127284
454.083580665 700.098740998 1020.83310867 1289.9681799 438.131312469
453.926173258 701.829778035 1020.83496335 1291.82003175 438.316497654
453.76876585 703.565129886 1020.83321618 1293.67003175 438.501682839
453.611358443 705.296166923 1020.83517271 1295.52003175 438.686682839
453.453951036 707.031518775 1020.83342553 1297.37003175 438.871682839
453.296543628 708.762555812 1020.83538206 1299.22003175 439.056868025
453.139136221 710.497907664 1020.83363489 1301.07003175 439.24205321
452.981728814 712.228944701 1020.83548957 1302.9218836 439.427238395
452.824321406 713.964296552 1020.8337424 1304.7718836 439.612238395
452.666913999 715.695333589 1020.83569893 1306.6218836 439.797238395
452.509506592 717.430685441 1020.83395175 1308.4718836 439.98242358
452.352099184 719.161722478 1020.83590828 1310.32188361 440.167608766
452.194691777 720.89707433 1020.83416111 1312.17188361 440.352608766
452.037284369 722.628111366 1020.83601579 1314.02373546 440.537793951
451.879876962 724.363463218 1020.83426862 1315.87373546 440.722793951
451.722469555 726.094500255 1020.83622515 1317.72373546 440.907979136
451.565062147 727.829852107 1020.83447797 1319.57373546 441.093164321
451.40765474 729.563046551 1020.83458265 1321.42373546 441.278164321
451.250247333 731.296240995 1020.83468733 1323.27373546 441.463164321
451.092839925 733.031592847 1020.83283831 1325.12558731 441.648349507
450.935432518 734.762629884 1020.83479484 1326.97558731 441.833534692
450.778025111 736.497981736 1020.83304766 1328.82558731 442.018719877
450.620617703 738.229018773 1020.83500419 1330.67558731 442.203719877
450.463210296 739.964370624 1020.83325702 1332.52558731 442.388719877
450.305802889 741.695407661 1020.83521355 1334.37558731 442.573905062
450.148395481 743.430759513 1020.83336453 1336.22743916 442.759090248
449.990988074 745.16179655 1020.83532106 1338.07743916 442.944275433
449.833580666 746.897148402 1020.83357388 1339.92743916 443.129275433
449.676173259 748.628185439 1020.83553041 1341.77743916 443.314275433
449.518765852 750.36353729 1020.83378324 1343.62743916 443.499460618
449.361358444 752.094574327 1020.83573977 1345.47743916 443.684645803
449.203951037 753.829926179 1020.83389075 1347.32929102 443.869830988
449.04654363 755.560963216 1020.83584728 1349.17929102 444.054830988
448.889136222 757.296315068 1020.8341001 1351.02929102 444.239830989
448.731728815 759.027352104 1020.83605663 1352.87929102 444.425016174
448.574321408 760.762703956 1020.83430946 1354.72929102 444.610201359
448.416914 762.493740993 1020.83626599 1356.57929102 444.795201359
448.259506593 764.229092845 1020.83441697 1358.43114287 444.980386544
448.102099186 765.960129882 1020.8363735 1360.28114287 445.165386544
447.944691778 767.695481733 1020.83462632 1362.13114287 445.350571729
447.787284371 769.430833585 1020.83287915 1363.98114287 445.535756915
447.629876963 771.161870622 1020.83483568 1365.83114287 445.720756915
447.472469556 772.897222474 1020.83308851 1367.68114287 445.905756915
447.315062149 774.628259511 1020.83494319 1369.53299472 446.0909421
447.157654741 776.363611362 1020.83319601 1371.38299472 446.276127285
447.000247334 778.094648399 1020.83515254 1373.23299472 446.46131247
446.842839927 779.830000251 1020.83340537 1375.08299472 446.64631247
446.685432519 781.561037288 1020.8353619 1376.93299472 446.83131247
446.528025112 783.29638914 1020.83361473 1378.78299472 447.016497656
446.370617705 785.027426177 1020.83546941 1380.63484658 447.201682841
446.213210297 786.762778028 1020.83372223 1382.48484658 447.386868026
446.05580289 788.493815065 1020.83567876 1384.33484658 447.571868026
445.898395483 790.229166917 1020.83393159 1386.18484658 447.756868026
445.740988075 791.960203954 1020.83588812 1388.03484658 447.942053211
445.583580668 793.695555805 1020.83414095 1389.88484658 448.127238397
445.42617326 795.426592842 1020.83599563 1391.73669843 448.312423582
445.268765853 797.161944694 1020.83424845 1393.58669843 448.497423582
445.111358446 798.892981731 1020.83620498 1395.43669843 448.682423582
444.953951038 800.628333583 1020.83445781 1397.28669843 448.867608767
444.796543631 802.35937062 1020.83641434 1399.13669843 449.052793952
444.639136224 804.094722471 1020.83456532 1400.98855028 449.237979138
444.481728816 805.827916916 1020.83467 1402.83855028 449.422979138
444.324321409 807.56111136 1020.83477467 1404.68855028 449.607979138
444.166914002 809.296463212 1020.8330275 1406.53855028 449.793164323
444.009506594 811.027500249 1020.83498403 1408.38855028 449.978349508
443.852099187 812.7628521 1020.83323686 1410.23855028 450.163349508
443.69469178 814.493889137 1020.83509154 1412.09040213 450.348534693
443.537284372 816.229240989 1020.83334436 1413.94040213 450.533534693
443.379876965 817.960278026 1020.83530089 1415.79040213 450.718719878
443.222469557 819.695629878 1020.83355372 1417.64040214 450.903905064
443.06506215 821.426666914 1020.83551025 1419.49040214 451.088905064
442.907654743 823.162018766 1020.83376308 1421.34040214 451.273905064
442.750247335 824.893055803 1020.83561776 1423.19225399 451.459090249
442.592839928 826.628407655 1020.83387058 1425.04225399 451.644275434
442.435432521 828.359444692 1020.83582711 1426.89225399 451.829460619
442.278025113 830.094796543 1020.83407994 1428.74225399 452.014460619
442.120617706 831.82583358 1020.83603647 1430.59225399 452.199460619
441.963210299 833.561185432 1020.8342893 1432.44225399 452.384645805
441.805802891 835.292222469 1020.83614398 1434.29410584 452.56983099
441.648395484 837.027574321 1020.8343968 1436.14410584 452.755016175
441.490988077 838.758611358 1020.83635333 1437.99410584 452.940016175
441.333580669 840.493963209 1020.83460616 1439.84410584 453.125016175
441.176173262 842.229315061 1020.83285899 1441.69410584 453.31020136
441.018765854 843.960352098 1020.83481552 1443.54410584 453.495386546
440.861358447 845.69570395 1020.83296649 1445.39595769 453.680571731
440.70395104 847.426740987 1020.83492302 1447.24595769 453.865571731
440.546543632 849.162092838 1020.83317585 1449.09595769 454.050571731
440.389136225 850.893129875 1020.83513238 1450.94595769 454.235756916
440.231728818 852.628481727 1020.83338521 1452.79595769 454.420942101
440.07432141 854.359518764 1020.83534174 1454.64595769 454.605942101
439.916914003 856.094870616 1020.83349271 1456.49780955 454.791127287
439.759506596 857.825907652 1020.83544924 1458.34780955 454.976127287
439.602099188 859.561259504 1020.83370207 1460.19780955 455.161312472
439.444691781 861.292296541 1020.8356586 1462.04780955 455.346497657
439.287284374 863.027648393 1020.83391143 1463.89780955 455.531497657
439.129876966 864.75868543 1020.83586796 1465.74780955 455.716497657
438.972469559 866.494037281 1020.83401893 1467.5996614 455.901682842
438.815062151 868.225074318 1020.83597546 1469.4496614 456.086868028
438.657654744 869.96042617 1020.83422829 1471.2996614 456.272053213
438.500247337 871.691463207 1020.83618482 1473.1496614 456.457053213
438.342839929 873.426815059 1020.83443765 1474.9996614 456.642053213
438.185432522 875.157852096 1020.83639418 1476.8496614 456.827238398
438.028025115 876.893203947 1020.83454515 1478.70151325 457.012423583
437.870617707 878.626398392 1020.83464983 1480.55151325 457.197608768
437.7132103 880.359592836 1020.83475451 1482.40151325 457.382608769
437.555802893 882.094944688 1020.83300734 1484.25151325 457.567608769
437.398395485 883.825981725 1020.83496387 1486.10151325 457.752793954
437.240988078 885.561333576 1020.83321669 1487.95151325 457.937979139
437.083580671 887.292370613 1020.83507137 1489.80336511 458.123164324
436.926173263 889.027722465 1020.8333242 1491.65336511 458.308164324
436.768765856 890.758759502 1020.83528073 1493.50336511 458.493164324
436.611358448 892.494111354 1020.83353356 1495.35336511 458.678349509
436.453951041 894.22514839 1020.83549009 1497.20336511 458.863534695
436.296543634 895.960500242 1020.83374291 1499.05336511 459.048534695
436.139136226 897.691537279 1020.83559759 1500.90521696 459.23371988
435.981728819 899.426889131 1020.83385042 1502.75521696 459.41871988
435.824321412 901.157926168 1020.83580695 1504.60521696 459.603905065
435.666914004 902.893278019 1020.83405978 1506.45521696 459.78909025
435.509506597 904.624315056 1020.83601631 1508.30521696 459.97409025
435.35209919 906.359666908 1020.83426913 1510.15521696 460.15909025
435.194691782 908.090703945 1020.83612381 1512.00706881 460.344275436
435.037284375 909.826055797 1020.83437664 1513.85706881 460.529460621
434.879876968 911.557092834 1020.83633317 1515.70706881 460.714645806
434.72246956 913.292444685 1020.834586 1517.55706881 460.899645806
434.565062153 915.027796537 1020.83283882 1519.40706881 461.084645806
434.407654745 916.758833574 1020.83479535 1521.25706881 461.269830991
434.250247338 918.494185426 1020.83294633 1523.10892067 461.455016177
434.092839931 920.225222462 1020.83490286 1524.95892067 461.640201362
433.935432523 921.960574314 1020.83315569 1526.80892067 461.825201362
433.778025116 923.691611351 1020.83511222 1528.65892067 462.010201362
433.620617709 925.426963203 1020.83336504 1530.50892067 462.195386547
433.463210301 927.15800024 1020.83532157 1532.35892067 462.380571732
433.305802894 928.893352091 1020.83347255 1534.21077252 462.565756918
433.148395487 930.624389128 1020.83542908 1536.06077252 462.750756918
432.990988079 932.35974098 1020.83368191 1537.91077252 462.935756918
432.833580672 934.090778017 1020.83563844 1539.76077252 463.120942103
432.676173265 935.826129869 1020.83389126 1541.61077252 463.306127288
432.518765857 937.557166906 1020.83584779 1543.46077252 463.491127288
432.36135845 939.292518757 1020.83399877 1545.31262437 463.676312473
432.203951042 941.023555794 1020.8359553 1547.16262437 463.861312473
432.046543635 942.758907646 1020.83420813 1549.01262437 464.046497659
431.889136228 944.489944683 1020.83616466 1550.86262437 464.231682844
431.73172882 946.225296535 1020.83441748 1552.71262437 464.416682844
431.574321413 947.956333571 1020.83627216 1554.56447622 464.601868029
431.416914006 949.691685423 1020.83452499 1556.41447622 464.786868029
431.259506598 951.424879868 1020.83462967 1558.26447622 464.972053214
431.102099191 953.158074312 1020.83473435 1560.11447622 465.157238399
430.944691784 954.893426164 1020.83298717 1561.96447622 465.342238399
430.787284376 956.6244632 1020.8349437 1563.81447623 465.5272384
430.629876969 958.359815052 1020.83309468 1565.66632808 465.712423585
430.472469562 960.090852089 1020.83505121 1567.51632808 465.89760877
430.315062154 961.826203941 1020.83330404 1569.36632808 466.082793955
430.157654747 963.557240978 1020.83526057 1571.21632808 466.267793955
430.000247339 965.292592829 1020.83351339 1573.06632808 466.452793955
429.842839932 967.023629866 1020.83546992 1574.91632808 466.63797914
429.685432525 968.758981718 1020.8336209 1576.76817993 466.823164326
429.528025117 970.490018755 1020.83557743 1578.61817993 467.008349511
429.37061771 972.225370607 1020.83383026 1580.46817993 467.193349511
429.213210303 973.956407644 1020.83578679 1582.31817993 467.378349511
429.055802895 975.691759495 1020.83403961 1584.16817993 467.563534696
428.898395488 977.422796532 1020.83599614 1586.01817993 467.748719881
428.740988081 979.158148384 1020.83414712 1587.87003178 467.933905067
429.756988081 979.937333569 1020.83610365 1589.72003178 468.118905067
431.88661771 979.820833569 1020.83435648 1591.57003178 468.303905067
434.01624734 979.700018754 1020.83631301 1593.42003178 468.489090252
436.14587697 979.583518754 1020.83456583 1595.27003178 468.674275437
438.275506599 979.464861347 1020.83467051 1597.12003178 468.859275437
440.405136229 979.346203939 1020.83467334 1598.97188364 469.044460622
442.534765859 979.229703939 1020.83292617 1600.82188364 469.229460622
444.664395488 979.108889125 1020.8348827 1602.67188364 469.414645808
446.794025118 978.992389125 1020.83313552 1604.52188364 469.599830993
448.923654748 978.87157431 1020.83509205 1606.37188364 469.784830993
451.053284377 978.75507431 1020.83334488 1608.22188364 469.969830993
453.182914007 978.634259495 1020.83519956 1610.07373549 470.155016178
455.312543637 978.517759495 1020.83345239 1611.92373549 470.340201363
457.442173266 978.39694468 1020.83540892 1613.77373549 470.525386549
459.571802896 978.28044468 1020.83366174 1615.62373549 470.710386549
461.701432526 978.159629865 1020.83561827 1617.47373549 470.895386549
463.831062155 978.043129865 1020.8338711 1619.32373549 471.080571734
465.960691785 977.92231505 1020.83572578 1621.17558734 471.265756919
468.090321415 977.80581505 1020.83397861 1623.02558734 471.450942104
470.219951045 977.685000236 1020.83593514 1624.87558734 471.635942104
472.349580674 977.568500236 1020.83418796 1626.72558734 471.820942104
474.479210304 977.447685421 1020.83614449 1628.57558734 472.00612729
476.608839933 977.331185421 1020.83439732 1630.42558734 472.191312475
478.738469563 977.210370606 1020.836252 1632.2774392 472.37649766
480.868099193 977.093870606 1020.83450483 1634.1274392 472.56149766
482.997728822 976.975213198 1020.8346095 1635.9774392 472.74649766
485.127358452 976.856555791 1020.83471418 1637.8274392 472.931682845
487.256988082 976.740055791 1020.83296701 1639.6774392 473.11686803
489.386617711 976.619240976 1020.83492354 1641.5274392 473.30186803
491.516247341 976.502740976 1020.83307452 1643.37929105 473.487053216
493.64587697 976.381926161 1020.83503105 1645.22929105 473.672053216
495.7755066 976.265426161 1020.83328387 1647.07929105 473.857238401
497.90513623 976.144611347 1020.8352404 1648.92929105 474.042423586
500.034765859 976.028111347 1020.83349323 1650.77929105 474.227423586
502.164395489 975.907296532 1020.83544976 1652.62929105 474.412423586
504.294025119 975.790796532 1020.83360074 1654.4811429 474.597608771
506.423654748 975.669981717 1020.83555727 1656.3311429 474.782793957
508.553284378 975.553481717 1020.83381009 1658.1811429 474.967979142
510.682914007 975.432666902 1020.83576662 1660.0311429 475.152979142
512.812543637 975.316166902 1020.83401945 1661.8811429 475.337979142
514.942173267 975.195352087 1020.83597598 1663.7311429 475.523164327
517.071802896 975.078852087 1020.83412696 1665.58299475 475.708349512
519.201432526 974.958037272 1020.83608349 1667.43299475 475.893534698
521.331062156 974.841537272 1020.83433631 1669.28299475 476.078534698
523.460691785 974.720722458 1020.83629284 1671.13299476 476.263534698
525.590321415 974.604222458 1020.83454567 1672.98299476 476.448719883
527.719951044 974.48556505 1020.83465035 1674.83299476 476.633905068
529.849580674 974.366907643 1020.83465318 1676.68484661 476.819090253
531.979210304 974.250407643 1020.832906 1678.53484661 477.004090253
534.108839933 974.129592828 1020.83486253 1680.38484661 477.189090253
536.238469563 974.013092828 1020.83311536 1682.23484661 477.374275439
538.368099192 973.892278013 1020.83507189 1684.08484661 477.559460624
540.497728822 973.775778013 1020.83332471 1685.93484661 477.744460624
542.627358452 973.654963198 1020.8351794 1687.78669846 477.929645809
544.756988081 973.538463198 1020.83343222 1689.63669846 478.114645809
546.886617711 973.417648384 1020.83538875 1691.48669846 478.299830994
549.016247341 973.301148384 1020.83364158 1693.33669846 478.485016179
551.14587697 973.180333569 1020.83559811 1695.18669846 478.67001618
553.2755066 973.063833569 1020.83385093 1697.03669846 478.85501618
555.405136229 972.943018754 1020.83570562 1698.88855031 479.040201365
557.534765859 972.826518754 1020.83395844 1700.73855031 479.22538655
559.664395489 972.705703939 1020.83591497 1702.58855031 479.410571735
561.794025118 972.589203939 1020.8341678 1704.43855031 479.595571735
563.923654748 972.468389124 1020.83612433 1706.28855031 479.780571735
566.053284378 972.351889124 1020.83427531 1708.14040217 479.96575692
568.182914007 972.231074309 1020.83623184 1709.99040217 480.150942106
570.312543637 972.114574309 1020.83448466 1711.84040217 480.336127291
572.442173266 971.995916902 1020.83458934 1713.69040217 480.521127291
574.571802896 971.877259495 1020.83469402 1715.54040217 480.706127291
576.701432526 971.760759495 1020.83294684 1717.39040217 480.891312476
578.831062155 971.63994468 1020.83480153 1719.24225402 481.076497661
580.960691785 971.52344468 1020.83305435 1721.09225402 481.261682847
583.090321415 971.402629865 1020.83501088 1722.94225402 481.446682847
585.219951044 971.286129865 1020.83326371 1724.79225402 481.631682847
587.349580674 971.16531505 1020.83522024 1726.64225402 481.816868032
589.479210303 971.04881505 1020.83347306 1728.49225402 482.002053217
591.608839933 970.928000235 1020.83532775 1730.34410587 482.187238402
593.738469563 970.811500235 1020.83358057 1732.19410587 482.372238402
595.868099192 970.69068542 1020.8355371 1734.04410587 482.557238402
597.997728822 970.57418542 1020.83378993 1735.89410587 482.742423588
600.127358451 970.453370606 1020.83574646 1737.74410587 482.927608773
602.256988081 970.336870606 1020.83399928 1739.59410587 483.112608773
604.386617711 970.216055791 1020.83585397 1741.44595773 483.297793958
606.51624734 970.099555791 1020.83410679 1743.29595773 483.482793958
608.64587697 969.978740976 1020.83606332 1745.14595773 483.667979143
610.7755066 969.862240976 1020.83431615 1746.99595773 483.853164329
612.905136229 969.741426161 1020.83627268 1748.84595773 484.038164329
615.034765859 969.624926161 1020.8345255 1750.69595773 484.223164329
617.164395488 969.504111346 1020.83638019 1752.54780958 484.408349514
619.294025118 969.387611346 1020.83463301 1754.39780958 484.593534699
621.423654748 969.271111346 1020.83288584 1756.24780958 484.778719884
623.553284377 969.150296532 1020.83484237 1758.09780958 484.963719884
625.682914007 969.033796532 1020.83309519 1759.94780958 485.148719884
627.812543637 968.912981717 1020.83505172 1761.79780958 485.33390507
629.942173266 968.796481717 1020.8332027 1763.64966143 485.519090255
632.071802896 968.675666902 1020.83515923 1765.49966143 485.70427544
634.201432525 968.559166902 1020.83341206 1767.34966143 485.88927544
636.331062155 968.438352087 1020.83536859 1769.19966143 486.07427544
638.460691785 968.321852087 1020.83362141 1771.04966143 486.259460625
640.590321414 968.201037272 1020.83557794 1772.89966143 486.44464581
642.719951044 968.084537272 1020.83372892 1774.75151328 486.629830996
644.849580674 967.963722457 1020.83568545 1776.60151329 486.814830996
646.979210303 967.847222457 1020.83393828 1778.45151329 486.999830996
649.108839933 967.726407643 1020.83589481 1780.30151329 487.185016181
651.238469562 967.609907643 1020.83414763 1782.15151329 487.370201366
653.368099192 967.489092828 1020.83610416 1784.00151329 487.555201366
655.497728822 967.372592828 1020.83425514 1785.85336514 487.740386551
657.627358451 967.251778013 1020.83621167 1787.70336514 487.925386551
659.756988081 967.135278013 1020.8344645 1789.55336514 488.110571737
661.886617711 967.014463198 1020.83642103 1791.40336514 488.295756922
664.01624734 966.897963198 1020.83467385 1793.25336514 488.480756922
666.14587697 966.781463198 1020.83292668 1795.10336514 488.665756922
668.275506599 966.660648383 1020.83478136 1796.95521699 488.850942107
670.405136229 966.544148383 1020.83303419 1798.80521699 489.036127292
672.534765859 966.423333569 1020.83499072 1800.65521699 489.221312478
674.664395488 966.306833568 1020.83324354 1802.50521699 489.406312478
676.794025118 966.186018754 1020.83520007 1804.35521699 489.591312478
678.923654747 966.069518754 1020.8334529 1806.20521699 489.776497663
681.053284377 965.948703939 1020.83530758 1808.05706884 489.961682848
683.182914007 965.832203939 1020.83356041 1809.90706884 490.146868033
685.312543636 965.711389124 1020.83551694 1811.75706884 490.331868033
687.442173266 965.594889124 1020.83376976 1813.60706884 490.516868033
689.571802896 965.474074309 1020.83572629 1815.45706884 490.702053219
691.701432525 965.357574309 1020.83397912 1817.30706885 490.887238404
693.831062155 965.236759494 1020.8358338 1819.1589207 491.072423589
695.960691784 965.120259494 1020.83408663 1821.0089207 491.257423589
698.090321414 964.99944468 1020.83604316 1822.8589207 491.442423589
700.219951044 964.88294468 1020.83429598 1824.7089207 491.627608774
702.349580673 964.762129865 1020.83625251 1826.5589207 491.81279396
704.479210303 964.645629865 1020.83450534 1828.4089207 491.99779396
706.608839933 964.52481505 1020.83636002 1830.26077255 492.182979145
708.738469562 964.40831505 1020.83461285 1832.11077255 492.367979145
710.868099192 964.29181505 1020.83286567 1833.96077255 492.55316433
712.997728821 964.171000235 1020.8348222 1835.81077255 492.738349515
715.127358451 964.054500235 1020.83307503 1837.66077255 492.923349515
717.256988081 963.93368542 1020.83503156 1839.51077255 493.108349515
719.38661771 963.81718542 1020.83318254 1841.3626244 493.293534701
721.51624734 963.696370605 1020.83513907 1843.2126244 493.478719886
723.64587697 963.579870605 1020.83339189 1845.0626244 493.663905071
725.775506599 963.459055791 1020.83534842 1846.9126244 493.848905071
727.905136229 963.342555791 1020.83360125 1848.7626244 494.033905071
730.034765858 963.221740976 1020.83545593 1850.61447626 494.219090256
732.164395488 963.105240976 1020.83370876 1852.46447626 494.404275441
734.294025118 962.984426161 1020.83566529 1854.31447626 494.589460627
736.423654747 962.867926161 1020.83391811 1856.16447626 494.774460627
738.553284377 962.747111346 1020.83587464 1858.01447626 494.959460627
740.682914007 962.630611346 1020.83412747 1859.86447626 495.144645812
742.812543636 962.509796531 1020.83598215 1861.71632811 495.329830997
744.942173266 962.393296531 1020.83423498 1863.56632811 495.515016182
747.071802895 962.272481717 1020.83619151 1865.41632811 495.700016182
749.201432525 962.155981717 1020.83444433 1867.26632811 495.885016182
751.331062155 962.035166902 1020.83640086 1869.11632811 496.070201368
753.460691784 961.918666902 1020.83465369 1870.96632811 496.255386553
755.590321414 961.800009494 1020.83465652 1872.81817996 496.440571738
757.719951043 961.681352087 1020.8347612 1874.66817996 496.625571738
759.849580673 961.564852087 1020.83301402 1876.51817996 496.810571738
761.979210303 961.444037272 1020.83497055 1878.36817996 496.995756923
764.108839932 961.327537272 1020.83322338 1880.21817996 497.180942109
766.238469562 961.206722457 1020.83517991 1882.06817996 497.365942109
768.368099192 961.090222457 1020.83333089 1883.92003182 497.551127294
770.497728821 960.969407642 1020.83528742 1885.77003182 497.736127294
772.627358451 960.852907642 1020.83354024 1887.62003182 497.921312479
774.75698808 960.732092828 1020.83549677 1889.47003182 498.106497664
776.88661771 960.615592828 1020.8337496 1891.32003182 498.291497664
779.01624734 960.494778013 1020.83570613 1893.17003182 498.476497664
781.145876969 960.378278013 1020.83385711 1895.02188367 498.66168285
783.275506599 960.257463198 1020.83581364 1896.87188367 498.846868035
785.405136229 960.140963198 1020.83406646 1898.72188367 499.03205322
787.534765858 960.020148383 1020.83602299 1900.57188367 499.21705322
789.664395488 959.903648383 1020.83427582 1902.42188367 499.40205322
791.794025117 959.782833568 1020.83623235 1904.27188367 499.587238405
793.923654747 959.666333568 1020.83438333 1906.12373552 499.772423591
796.053284377 959.545518753 1020.83633986 1907.97373552 499.957608776
798.182914006 959.429018753 1020.83459268 1909.82373552 500.142608776
800.312543636 959.312518753 1020.83284551 1911.67373552 500.327608776
802.442173266 959.191703939 1020.83480204 1913.52373552 500.512793961
804.571802895 959.075203939 1020.83305487 1915.37373552 500.697979146
806.701432525 958.954389124 1020.83490955 1917.22558737 500.883164331
808.831062154 958.837889124 1020.83316237 1919.07558737 501.068164331
810.960691784 958.717074309 1020.8351189 1920.92558737 501.253164332
813.090321414 958.600574309 1020.83337173 1922.77558738 501.438349517
815.219951043 958.479759494 1020.83532826 1924.62558738 501.623534702
817.349580673 958.363259494 1020.83358109 1926.47558738 501.808534702
819.479210302 958.242444679 1020.83543577 1928.32743923 501.993719887
821.608839932 958.125944679 1020.83368859 1930.17743923 502.178719887
823.738469562 958.005129865 1020.83564512 1932.02743923 502.363905072
825.868099191 957.888629865 1020.83389795 1933.87743923 502.549090258
827.997728821 957.76781505 1020.83585448 1935.72743923 502.734090258
830.127358451 957.65131505 1020.83410731 1937.57743923 502.919090258
832.25698808 957.530500235 1020.83596199 1939.42929108 503.104275443
834.38661771 957.414000235 1020.83421481 1941.27929108 503.289460628
836.516247339 957.29318542 1020.83617134 1943.12929108 503.474645813
838.645876969 957.17668542 1020.83442417 1944.97929108 503.659645813
840.775506599 957.055870605 1020.8363807 1946.82929108 503.844645813
842.905136228 956.939370605 1020.83463353 1948.67929108 504.029830999
845.034765858 956.820713198 1020.83463636 1950.53114293 504.215016184
847.164395488 956.70205579 1020.83474103 1952.38114293 504.400201369
849.294025117 956.58555579 1020.83299386 1954.23114293 504.585201369
851.423654747 956.464740976 1020.83495039 1956.08114293 504.770201369
853.553284376 956.348240976 1020.83320322 1957.93114293 504.955386554
855.682914006 956.227426161 1020.83515975 1959.78114293 505.14057174
857.812543636 956.110926161 1020.83331072 1961.63299479 505.325756925
859.942173265 955.990111346 1020.83526725 1963.48299479 505.510756925
862.071802895 955.873611346 1020.83352008 1965.33299479 505.695756925
864.201432525 955.752796531 1020.83547661 1967.18299479 505.88094211
866.331062154 955.636296531 1020.83372944 1969.03299479 506.066127295
868.460691784 955.515481716 1020.83568597 1970.88299479 506.251127295
870.590321413 955.398981716 1020.83383694 1972.73484664 506.436312481
872.719951043 955.278166901 1020.83579347 1974.58484664 506.621312481
874.849580673 955.161666901 1020.8340463 1976.43484664 506.806497666
876.979210302 955.040852087 1020.83600283 1978.28484664 506.991682851
879.108839932 954.924352087 1020.83425566 1980.13484664 507.176682851
881.238469562 954.803537272 1020.83621219 1981.98484664 507.361682851
883.368099191 954.687037272 1020.83436316 1983.83669849 507.546868036
885.497728821 954.566222457 1020.83631969 1985.68669849 507.732053221
887.62735845 954.449722457 1020.83457252 1987.53669849 507.917238407
889.75698808 954.333222457 1020.83282535 1989.38669849 508.102238407
891.88661771 954.212407642 1020.83478188 1991.23669849 508.287238407
894.016247339 954.095907642 1020.8330347 1993.08669849 508.472423592
896.145876969 953.975092827 1020.83488938 1994.93855035 508.657608777
898.275506598 953.858592827 1020.83314221 1996.78855035 508.842793962
900.405136228 953.737778013 1020.83509874 1998.63855035 509.027793962
902.534765858 953.621278013 1020.83335157 2000.48855035 509.212793962
904.664395487 953.500463198 1020.8353081 2002.33855035 509.397979148
906.794025117 953.383963198 1020.83345907 2004.1904022 509.583164333
908.923654747 953.263148383 1020.8354156 2006.0404022 509.768349518
911.053284376 953.146648383 1020.83366843 2007.8904022 509.953349518
913.182914006 953.025833568 1020.83562496 2009.7404022 510.138349518
915.312543635 952.909333568 1020.83387779 2011.5904022 510.323534703
917.442173265 952.788518753 1020.83583432 2013.4404022 510.508719889
919.571802895 952.672018753 1020.83398529 2015.29225405 510.693905074
921.701432524 952.551203938 1020.83594182 2017.14225405 510.878905074
923.831062154 952.434703938 1020.83419465 2018.99225405 511.063905074
925.960691784 952.313889124 1020.83615118 2020.84225405 511.249090259
928.090321413 952.197389124 1020.83440401 2022.69225405 511.434275444
930.219951043 952.076574309 1020.83636054 2024.54225405 511.619275444
932.349580672 951.960074309 1020.83451151 2026.3941059 511.80446063
934.479210302 951.841416901 1020.83461619 2028.2441059 511.98946063
936.608839932 951.722759494 1020.83472087 2030.09410591 512.174645815
938.738469561 951.606259494 1020.8329737 2031.94410591 512.359831
940.868099191 951.485444679 1020.83493023 2033.79410591 512.544831
942.997728821 951.368944679 1020.83318305 2035.64410591 512.729830999
945.12735845 951.248129864 1020.83503773 2037.49595776 512.915016184
947.25698808 951.131629864 1020.83329056 2039.34595776 513.10020137
949.386617709 951.010815049 1020.83524709 2041.19595776 513.285386555
951.516247339 950.894315049 1020.83349992 2043.04595776 513.470386554
953.645876969 950.773500235 1020.83545645 2044.89595776 513.655386554
955.775506598 950.657000235 1020.83370927 2046.74595776 513.840571739
957.905136228 950.53618542 1020.83556395 2048.59780961 514.025756924
960.034765858 950.41968542 1020.83381678 2050.44780961 514.210942109
962.164395487 950.298870605 1020.83577331 2052.29780961 514.395942109
964.294025117 950.182370605 1020.83402614 2054.14780961 514.580942109
966.423654746 950.06155579 1020.83598267 2055.99780961 514.766127294
968.553284376 949.94505579 1020.83423549 2057.84780961 514.951312479
970.682914006 949.824240975 1020.83609017 2059.69966146 515.136497664
972.812543635 949.707740975 1020.834343 2061.54966146 515.321497664
974.942173265 949.586926161 1020.83629953 2063.39966146 515.506497664
977.071802894 949.470426161 1020.83455236 2065.24966146 515.691682849
979.201432524 949.351768753 1020.83465703 2067.09966146 515.876868034
981.331062154 949.233111346 1020.83476171 2068.94966146 516.061868034
983.460691783 949.116611346 1020.83291269 2070.80151331 516.247053219
985.590321413 948.995796531 1020.83486922 2072.65151331 516.432053219
987.719951043 948.879296531 1020.83312205 2074.50151331 516.617238404
989.849580672 948.758481716 1020.83507858 2076.35151331 516.802423589
991.979210302 948.641981716 1020.8333314 2078.20151331 516.987423589
994.108839931 948.521166901 1020.83528793 2080.05151331 517.172423589
996.238469561 948.404666901 1020.83343891 2081.90336517 517.357608774
998.368099191 948.283852086 1020.83539544 2083.75336517 517.542793959
1000.00365475 948.167352086 1020.83364827 2085.60336517 517.727979144
1000.00365475 948.046537272 1020.8356048 2087.45336517 517.912979144
1000.00365475 947.930037272 1020.83385762 2089.30336517 518.097979144
1000.00365475 947.809222457 1020.83581415 2091.15336517 518.283164329
1000.00365475 947.692722457 1020.83396513 2093.00521702 518.468349514
1000.00365475 947.571907642 1020.83592166 2094.85521702 518.653534699
1000.00365475 947.455407642 1020.83417449 2096.70521702 518.838534699
1000.00365475 947.334592827 1020.83613102 2098.55521702 519.023534698
1000.00365475 947.218092827 1020.83438384 2100.40521702 519.208719883
1000.00365475 947.097278012 1020.83634037 2102.25521702 519.393905069
1000.00365475 946.980778012 1020.83449135 2104.10706887 519.579090254
1000.00365475 946.862120605 1020.83459603 2105.95706887 519.764090253
1000.00365475 946.743463197 1020.83470071 2107.80706887 519.949090253
1000.00365475 946.626963197 1020.83295353 2109.65706887 520.134275438
1000.00365475 946.506148383 1020.83491006 2111.50706887 520.319460623
1000.00365475 946.389648383 1020.83316289 2113.35706887 520.504460623
1000.00365475 946.268833568 1020.83501757 2115.20892072 520.689645808
1000.00365475 946.152333568 1020.8332704 2117.05892072 520.874645808
1000.00365475 946.031518753 1020.83522693 2118.90892072 521.059830993
1000.00365475 945.915018753 1020.83347975 2120.75892072 521.245016178
1000.00365475 945.794203938 1020.83543628 2122.60892072 521.430016178
1000.00365475 945.677703938 1020.83368911 2124.45892072 521.615016178
1000.00365475 945.556889123 1020.83554379 2126.31077257 521.800201363
1000.00365475 945.440389123 1020.83379662 2128.16077257 521.985386548
1000.00365475 945.319574309 1020.83575315 2130.01077257 522.170571733
1000.00365475 945.203074309 1020.83400597 2131.86077257 522.355571733
1000.00365475 945.082259494 1020.8359625 2133.71077257 522.540571733
1000.00365475 944.965759494 1020.83421533 2135.56077257 522.725756918
1000.00365475 944.844944679 1020.83607001 2137.41262442 522.910942103
1000.00365475 944.728444679 1020.83432284 2139.26262442 523.096127288
1000.00365475 944.607629864 1020.83627937 2141.11262442 523.281127288
1000.00365475 944.491129864 1020.83453219 2142.96262442 523.466127288
1000.00365475 944.372472457 1020.83463687 2144.81262442 523.651312473
1000.00365475 944.253815049 1020.8346397 2146.66447628 523.836497658
1000.00365475 944.137315049 1020.83289253 2148.51447628 524.021682843
1000.00365475 944.016500234 1020.83484906 2150.36447628 524.206682843
1000.00365475 943.900000234 1020.83310188 2152.21447628 524.391682843
1000.00365475 943.77918542 1020.83505841 2154.06447628 524.576868028
1000.00365475 943.66268542 1020.83331124 2155.91447628 524.762053213
1000.00365475 943.541870605 1020.83516592 2157.76632813 524.947238398
1000.00365475 943.425370605 1020.83341875 2159.61632813 525.132238398
1000.00365475 943.30455579 1020.83537528 2161.46632813 525.317238397
1000.00365475 943.18805579 1020.8336281 2163.31632813 525.502423582
1000.00365475 943.067240975 1020.83558463 2165.16632813 525.687608767
1000.00365475 942.950740975 1020.83383746 2167.01632813 525.872608767
1000.00365475 942.82992616 1020.83569214 2168.86817998 526.057793952
1000.00365475 942.71342616 1020.83394497 2170.71817998 526.242793952
1000.00365475 942.592611345 1020.8359015 2172.56817998 526.427979137
1000.00365475 942.476111345 1020.83415432 2174.41817998 526.613164322
1000.00365475 942.355296531 1020.83611085 2176.26817998 526.798164322
1000.00365475 942.238796531 1020.83436368 2178.11817998 526.983164322
1000.00365475 942.117981716 1020.83621836 2179.97003183 527.168349507
1000.00365475 942.001481716 1020.83447119 2181.82003183 527.353534692
1000.00365475 941.882824308 1020.83457586 2183.67003183 527.538719877
1000.00365475 941.764166901 1020.83468054 2185.52003183 527.723719877
1000.00365475 941.647666901 1020.83293337 2187.37003183 527.908719877
1000.00365475 941.526852086 1020.8348899 2189.22003183 528.093905062
1000.00365475 941.410352086 1020.83304088 2191.07188368 528.279090247
1000.00365475 941.289537271 1020.83499741 2192.92188368 528.464275432
1000.00365475 941.173037271 1020.83325023 2194.77188368 528.649275432
1000.00365475 941.052222457 1020.83520676 2196.62188368 528.834275432
1000.00365475 940.935722457 1020.83345959 2198.47188368 529.019460617
1000.00365475 940.814907642 1020.83541612 2200.32188368 529.204645802
1000.00365475 940.698407642 1020.8335671 2202.17373553 529.389830987
1000.00365475 940.577592827 1020.83552363 2204.02373553 529.574830987
1000.00365475 940.461092827 1020.83377645 2205.87373553 529.759830987
1000.00365475 940.340278012 1020.83573298 2207.72373553 529.945016172
1000.00365475 940.223778012 1020.83398581 2209.57373553 530.130201357
1000.00365475 940.102963197 1020.83594234 2211.42373553 530.315201357
1000.00365475 939.986463197 1020.83409332 2213.27558739 530.500386542
1000.00365475 939.865648382 1020.83604985 2215.12558739 530.685386542
1000.00365475 939.749148382 1020.83430267 2216.97558739 530.870571727
1000.00365475 939.628333568 1020.8362592 2218.82558739 531.055756912
1000.00365475 939.511833568 1020.83451203 2220.67558739 531.240756911
1000.00365475 939.39317616 1020.83461671 2222.52558739 531.425756911
1000.00365475 939.274518753 1020.83461954 2224.37743924 531.610942096
1000.00365475 939.158018753 1020.83287236 2226.22743924 531.796127281
1000.00365475 939.037203938 1020.83482889 2228.07743924 531.981312466
1000.00365475 938.920703938 1020.83308172 2229.92743924 532.166312466
1000.00365475 938.799889123 1020.83503825 2231.77743924 532.351312466
1000.00365475 938.683389123 1020.83329107 2233.62743924 532.536497651
1000.00365475 938.562574308 1020.83514576 2235.47929109 532.721682836
1000.00365475 938.446074308 1020.83339858 2237.32929109 532.906868021
1000.00365475 938.325259493 1020.83535511 2239.17929109 533.091868021
1000.00365475 938.208759493 1020.83360794 2241.02929109 533.276868021
1000.00365475 938.087944679 1020.83556447 2242.87929109 533.462053206
1000.00365475 937.971444679 1020.83381729 2244.72929109 533.647238391
1000.00365475 937.850629864 1020.83567198 2246.58114294 533.832423576
1000.00365475 937.734129864 1020.8339248 2248.43114294 534.017423576
1000.00365475 937.613315049 1020.83588133 2250.28114294 534.202423576
1000.00365475 937.496815049 1020.83413416 2252.13114294 534.387608761
1000.00365475 937.376000234 1020.83609069 2253.98114294 534.572793946
1000.00365475 937.259500234 1020.83434351 2255.83114294 534.757793946
1000.00365475 937.138685419 1020.8361982 2257.68299479 534.942979131
1000.00365475 937.022185419 1020.83445102 2259.53299479 535.127979131
1000.00365475 936.901370605 1020.83640755 2261.38299479 535.313164316
1000.00365475 936.784870605 1020.83466038 2263.23299479 535.498349501
1000.00365475 936.668370605 1020.8329132 2265.08299479 535.683349501
1000.00365475 936.54755579 1020.83486973 2266.93299479 535.868349501
1000.00365475 936.43105579 1020.83302071 2268.78484664 536.053534686
1000.00365475 936.310240975 1020.83497724 2270.63484664 536.238719871
1000.00365475 936.193740975 1020.83323007 2272.48484664 536.423905056
1000.00365475 936.07292616 1020.8351866 2274.33484664 536.608905056
1000.00365475 935.95642616 1020.83343942 2276.18484664 536.793905055
1000.00365475 935.835611345 1020.83539595 2278.03484664 536.97909024
1000.00365475 935.719111345 1020.83354693 2279.8866985 537.164275426
1000.00365475 935.59829653 1020.83550346 2281.7366985 537.349460611
1000.00365475 935.48179653 1020.83375629 2283.5866985 537.53446061
1000.00365475 935.360981716 1020.83571282 2285.4366985 537.71946061
1000.00365475 935.244481716 1020.83396564 2287.2866985 537.904645795
1000.00365475 935.123666901 1020.83592217 2289.1366985 538.08983098
1000.00365475 935.007166901 1020.83407315 2290.98855035 538.275016165
1000.00365475 934.886352086 1020.83602968 2292.83855035 538.460016165
1000.00365475 934.769852086 1020.83428251 2294.68855035 538.645016165
1000.00365475 934.649037271 1020.83623904 2296.53855035 538.83020135
1000.00365475 934.532537271 1020.83449186 2298.38855035 539.015386535
1000.00365475 934.411722456 1020.83634655 2300.2404022 539.20057172
1000.00365475 934.295222456 1020.83459937 2302.0904022 539.38557172
1000.00365475 934.178722456 1020.8328522 2303.9404022 539.57057172
1000.00365475 934.057907641 1020.83480873 2305.7904022 539.755756905
1000.00365475 933.941407641 1020.83306155 2307.6404022 539.94094209
1000.00365475 933.820592827 1020.83501808 2309.4904022 540.12594209
1000.00365475 933.704092827 1020.83316906 2311.34225405 540.311127275
1000.00365475 933.583278012 1020.83512559 2313.19225405 540.496127275
1000.00365475 933.466778012 1020.83337842 2315.04225405 540.68131246
1000.00365475 933.345963197 1020.83533495 2316.89225405 540.866497645
1000.00365475 933.229463197 1020.83358777 2318.74225405 541.051497645
1000.00365475 933.108648382 1020.8355443 2320.59225405 541.236497645
1000.00365475 932.992148382 1020.83369528 2322.4441059 541.42168283
1000.00365475 932.871333567 1020.83565181 2324.2941059 541.606868015
1000.00365475 932.754833567 1020.83390464 2326.1441059 541.7920532
1000.00365475 932.634018753 1020.83586117 2327.9941059 541.9770532
1000.00365475 932.517518753 1020.83411399 2329.8441059 542.1620532
1000.00365475 932.396703938 1020.83607052 2331.6941059 542.347238385
1000.00365475 932.280203938 1020.8342215 2333.54595775 542.53242357
1000.00365475 932.159389123 1020.83617803 2335.39595775 542.717608755
1000.00365475 932.042889123 1020.83443086 2337.24595775 542.902608755
1000.00365475 931.922074308 1020.83638739 2339.09595775 543.087608754
1000.00365475 931.805574308 1020.83464021 2340.94595775 543.272793939
1000.00365475 931.689074308 1020.83289304 2342.79595775 543.457979125
1000.00365475 931.568259493 1020.83474772 2344.64780961 543.64316431
1000.00365475 931.451759493 1020.83300055 2346.49780961 543.828164309
1000.00365475 931.330944678 1020.83495708 2348.34780961 544.013164309
1000.00365475 931.214444678 1020.8332099 2350.19780961 544.198349494
1000.00365475 931.093629864 1020.83516643 2352.04780961 544.383534679
1000.00365475 930.977129864 1020.83341926 2353.89780961 544.568534679
1000.00365475 930.856315049 1020.83527394 2355.74966146 544.753719864
1000.00365475 930.739815049 1020.83352677 2357.59966146 544.938719864
1000.00365475 930.619000234 1020.8354833 2359.44966146 545.123905049
1000.00365475 930.502500234 1020.83373612 2361.29966146 545.309090234
1000.00365475 930.381685419 1020.83569265 2363.14966146 545.494090234
1000.00365475 930.265185419 1020.83394548 2364.99966146 545.679090234
1000.00365475 930.144370604 1020.83580016 2366.85151331 545.864275419
1000.00365475 930.027870604 1020.83405299 2368.70151331 546.049460604
1000.00365475 929.907055789 1020.83600952 2370.55151331 546.234645789
1000.00365475 929.790555789 1020.83426234 2372.40151331 546.419645789
1000.00365475 929.669740975 1020.83621887 2374.25151331 546.604645789
1000.00365475 929.553240975 1020.8344717 2376.10151331 546.789830974
1000.00365475 929.43242616 1020.83632638 2377.95336516 546.975016159
1000.00365475 929.31592616 1020.83457921 2379.80336516 547.160201344
1000.00365475 929.19942616 1020.83283203 2381.65336516 547.345201344
1000.00365475 929.078611345 1020.83478856 2383.50336516 547.530201344
1000.00365475 928.962111345 1020.83304139 2385.35336516 547.715386529
1000.00365475 928.84129653 1020.83499792 2387.20336516 547.900571714
1000.00365475 928.72479653 1020.8331489 2389.05521701 548.085756899
1000.00365475 928.603981715 1020.83510543 2390.90521701 548.270756899
1000.00365475 928.487481715 1020.83335825 2392.75521701 548.455756899
1000.00365475 928.366666901 1020.83531478 2394.60521701 548.640942084
1000.00365475 928.250166901 1020.83356761 2396.45521701 548.826127269
1000.00365475 928.129352086 1020.83552414 2398.30521701 549.011127268
1000.00365475 928.012852086 1020.83367512 2400.15706886 549.196312454
1000.00365475 927.892037271 1020.83563165 2402.00706886 549.381312453
1000.00365475 927.775537271 1020.83388447 2403.85706886 549.566497638
1000.00365475 927.654722456 1020.835841 2405.70706886 549.751682823
1000.00365475 927.538222456 1020.83409383 2407.55706886 549.936682823
1000.00365475 927.417407641 1020.83605036 2409.40706886 550.121682823
1000.00365475 927.300907641 1020.83420134 2411.25892072 550.306868008
1000.00365475 927.180092826 1020.83615787 2413.10892072 550.492053193
1000.00365475 927.063592826 1020.83441069 2414.95892072 550.677238378
1000.00365475 926.942778012 1020.83636722 2416.80892072 550.862238378
1000.00365475 926.826278012 1020.83462005 2418.65892072 551.047238378
1000.00365475 926.709778012 1020.83287288 2420.50892072 551.232423563
1000.00365475 926.588963197 1020.83472756 2422.36077257 551.417608748
1000.00365475 926.472463197 1020.83298038 2424.21077257 551.602793933
1000.00365475 926.351648382 1020.83493691 2426.06077257 551.787793933
1000.00365475 926.235148382 1020.83318974 2427.91077257 551.972793933
1000.00365475 926.114333567 1020.83514627 2429.76077257 552.157979118
1000.00365475 925.997833567 1020.8333991 2431.61077257 552.343164303
1000.00365475 925.877018752 1020.83525378 2433.46262442 552.528349488
1000.00365475 925.760518752 1020.8335066 2435.31262442 552.713349488
1000.00365475 925.639703937 1020.83546313 2437.16262442 552.898349488
1000.00365475 925.523203937 1020.83371596 2439.01262442 553.083534673
1000.00365475 925.402389123 1020.83567249 2440.86262442 553.268719858
1000.00365475 925.285889123 1020.83382347 2442.71447627 553.453905043
1000.00365475 925.165074308 1020.83578 2444.56447627 553.638905043
1000.00365475 925.048574308 1020.83403282 2446.41447627 553.823905043
1000.00365475 924.927759493 1020.83598935 2448.26447627 554.009090228
1000.00365475 924.811259493 1020.83424218 2450.11447627 554.194275413
1000.00365475 924.690444678 1020.83619871 2451.96447627 554.379275413
1000.00365475 924.573944678 1020.83434969 2453.81632812 554.564460598
1000.00365475 924.453129863 1020.83630622 2455.66632812 554.749460598
1000.00365475 924.336629863 1020.83455904 2457.51632812 554.934645783
1000.00365475 924.217972456 1020.83466372 2459.36632812 555.119830968
1000.00365475 924.099315049 1020.8347684 2461.21632812 555.304830967
1000.00365475 923.982815049 1020.83302123 2463.06632812 555.489830967
1000.00365475 923.862000234 1020.83487591 2464.91817998 555.675016152
1000.00365475 923.745500234 1020.83312873 2466.76817998 555.860201337
1000.00365475 923.624685419 1020.83508526 2468.61817998 556.045386522
1000.00365475 923.508185419 1020.83333809 2470.46817998 556.230386522
1000.00365475 923.387370604 1020.83529462 2472.31817997 556.415386522
1000.00365475 923.270870604 1020.83354745 2474.16817997 556.600571707
1000.00365475 923.150055789 1020.83540213 2476.02003183 556.785756892
1000.00365475 923.033555789 1020.83365495 2477.87003183 556.970942077
1000.00365475 922.912740974 1020.83561148 2479.72003183 557.155942077
1000.00365475 922.796240974 1020.83386431 2481.57003183 557.340942077
1000.00365475 922.67542616 1020.83582084 2483.42003183 557.526127262
1000.00365475 922.55892616 1020.83407367 2485.27003183 557.711312447
1000.00365475 922.438111345 1020.83592835 2487.12188368 557.896497632
1000.00365475 922.321611345 1020.83418117 2488.97188368 558.081497632
1000.00365475 922.20079653 1020.8361377 2490.82188368 558.266497632
1000.00365475 922.08429653 1020.83439053 2492.67188368 558.451682817
1000.00365475 921.963481715 1020.83634706 2494.52188368 558.636868002
1000.00365475 921.846981715 1020.83459989 2496.37188368 558.821868002
1000.00365475 921.728324308 1020.83460272 2498.22373553 559.007053187
1000.00365475 921.6096669 1020.83470739 2500.07373553 559.192053187
1000.00365475 921.4931669 1020.83296022 2501.92373553 559.377238372
1000.00365475 921.372352085 1020.83491675 2503.77373553 559.562423557
1000.00365475 921.255852085 1020.83316958 2505.62373553 559.747423557
1000.00365475 921.135037271 1020.83512611 2507.47373553 559.932423557
1000.00365475 921.018537271 1020.83327708 2509.32558738 560.117608742
1000.00365475 920.897722456 1020.83523361 2511.17558738 560.302793927
1000.00365475 920.781222456 1020.83348644 2513.02558738 560.487979112
1000.00365475 920.660407641 1020.83544297 2514.87558738 560.672979112
1000.00365475 920.543907641 1020.8336958 2516.72558738 560.857979111
1000.00365475 920.423092826 1020.83565233 2518.57558738 561.043164296
1000.00365475 920.306592826 1020.8338033 2520.42743923 561.228349482
1000.00365475 920.185778011 1020.83575983 2522.27743923 561.413534667
1000.00365475 920.069278011 1020.83401266 2524.12743923 561.598534666
1000.00365475 919.948463197 1020.83596919 2525.97743923 561.783534666
1000.00365475 919.831963197 1020.83422202 2527.82743923 561.968719851
1000.00365475 919.711148382 1020.83617855 2529.67743923 562.153905036
1000.00365475 919.594648382 1020.83432952 2531.52929109 562.339090221
1000.00365475 919.473833567 1020.83628605 2533.37929109 562.524090221
1000.00365475 919.357333567 1020.83453888 2535.22929109 562.709090221
1000.00365475 919.238676159 1020.83464356 2537.07929109 562.894275406
1000.00365475 919.120018752 1020.83474824 2538.92929109 563.079460591
1000.00365475 919.003518752 1020.83300106 2540.77929109 563.264460591
1000.00365475 918.882703937 1020.83485574 2542.63114294 563.449645776
1000.00365475 918.766203937 1020.83310857 2544.48114294 563.634645776
1000.00365475 918.645389122 1020.8350651 2546.33114294 563.819830961
1000.00365475 918.528889122 1020.83331793 2548.18114294 564.005016146
1000.00365475 918.408074308 1020.83527446 2550.03114294 564.190016146
1000.00365475 918.291574308 1020.83352728 2551.88114294 564.375016146
1000.00365475 918.170759493 1020.83538196 2553.73299479 564.560201331
1000.00365475 918.054259493 1020.83363479 2555.58299479 564.745386516
1000.00365475 917.933444678 1020.83559132 2557.43299479 564.930571701
1000.00365475 917.816944678 1020.83384415 2559.28299479 565.115571701
1000.00365475 917.696129863 1020.83580068 2561.13299479 565.300571701
1000.00365475 917.579629863 1020.8340535 2562.98299479 565.485756886
1000.00365475 917.458815048 1020.83590818 2564.83484664 565.670942071
1000.00365475 917.342315048 1020.83416101 2566.68484664 565.856127256
1000.00365475 917.221500233 1020.83611754 2568.53484664 566.041127256
1000.00365475 917.105000233 1020.83437037 2570.38484664 566.226127256
1000.00365475 916.984185419 1020.8363269 2572.23484664 566.411312441
1000.00365475 916.867685419 1020.83457972 2574.08484664 566.596497626
1000.00365475 916.749028011 1020.83458255 2575.93669849 566.781682811
1000.00365475 916.630370604 1020.83468723 2577.78669849 566.966682811
1000.00365475 916.513870604 1020.83294006 2579.63669849 567.15168281
1000.00365475 916.393055789 1020.83489659 2581.48669849 567.336867995
1000.00365475 916.276555789 1020.83314941 2583.33669849 567.522053181
1000.00365475 916.155740974 1020.83510594 2585.18669849 567.70705318
1000.00365475 916.039240974 1020.83325692 2587.03855034 567.892238365
1000.00365475 915.918426159 1020.83521345 2588.88855034 568.077238365
1000.00365475 915.801926159 1020.83346628 2590.73855034 568.26242355
1000.00365475 915.681111345 1020.83542281 2592.58855034 568.447608735
1000.00365475 915.564611345 1020.83367563 2594.43855034 568.632608735
1000.00365475 915.44379653 1020.83553031 2596.2904022 568.81779392
1000.00365475 915.32729653 1020.83378314 2598.1404022 569.00279392
1000.00365475 915.206481715 1020.83573967 2599.9904022 569.187979105
1000.00365475 915.089981715 1020.8339925 2601.8404022 569.37316429
1000.00365475 914.9691669 1020.83594903 2603.6904022 569.55816429
1000.00365475 914.8526669 1020.83420185 2605.5404022 569.74316429
1000.00365475 914.731852085 1020.83605653 2607.39225405 569.928349475
1000.00365475 914.615352085 1020.83430936 2609.24225405 570.11353466
1000.00365475 914.49453727 1020.83626589 2611.09225405 570.298719845
1000.00365475 914.37803727 1020.83451872 2612.94225405 570.483719845
1000.00365475 914.259379863 1020.83462339 2614.79225405 570.668719845
1000.00365475 914.140722456 1020.83472807 2616.64225405 570.85390503
1000.00365475 914.024222456 1020.83287905 2618.4941059 571.039090215
1000.00365475 913.903407641 1020.83483558 2620.3441059 571.2242754
1000.00365475 913.786907641 1020.83308841 2622.1941059 571.4092754
1000.00365475 913.666092826 1020.83504494 2624.0441059 571.5942754
1000.00365475 913.549592826 1020.83329776 2625.8941059 571.779460585
1000.00365475 913.428778011 1020.83525429 2627.7441059 571.96464577
1000.00365475 913.312278011 1020.83340527 2629.59595775 572.149830955
1000.00365475 913.191463196 1020.8353618 2631.44595775 572.334830955
1000.00365475 913.074963196 1020.83361463 2633.29595775 572.519830955
1000.00365475 912.954148382 1020.83557116 2635.14595775 572.70501614
1000.00365475 912.837648381 1020.83382398 2636.99595775 572.890201325
1000.00365475 912.716833567 1020.83578051 2638.84595775 573.075201324
1000.00365475 912.600333567 1020.83393149 2640.6978096 573.26038651
1000.00365475 912.479518752 1020.83588802 2642.5478096 573.445386509
1000.00365475 912.363018752 1020.83414085 2644.3978096 573.630571694
1000.00365475 912.242203937 1020.83609738 2646.2478096 573.815756879
1000.00365475 912.125703937 1020.8343502 2648.0978096 574.000756879
1000.00365475 912.004889122 1020.83630673 2649.9478096 574.185756879
1000.00365475 911.888389122 1020.83445771 2651.79966145 574.370942064
1000.00365475 911.767574307 1020.83641424 2653.64966145 574.556127249
1000.00365475 911.651074307 1020.83466707 2655.49966145 574.741312434
1000.00365475 911.534574307 1020.83291989 2657.34966145 574.926312434
1000.00365475 911.413759493 1020.83487642 2659.19966145 575.111312434
1000.00365475 911.297259493 1020.83312925 2661.04966145 575.296497619
1000.00365475 911.176444678 1020.83498393 2662.90151331 575.481682804
1000.00365475 911.059944678 1020.83323676 2664.75151331 575.666867989
1000.00365475 910.939129863 1020.83519329 2666.60151331 575.851867989
1000.00365475 910.822629863 1020.83344611 2668.45151331 576.036867989
1000.00365475 910.701815048 1020.83540264 2670.30151331 576.222053174
1000.00365475 910.585315048 1020.83365547 2672.15151331 576.407238359
1000.00365475 910.464500233 1020.83551015 2674.00336516 576.592423544
1000.00365475 910.348000233 1020.83376298 2675.85336516 576.777423544
1000.00365475 910.227185418 1020.83571951 2677.70336516 576.962423544
1000.00365475 910.110685418 1020.83397233 2679.55336516 577.147608729
1000.00365475 909.989870604 1020.83592886 2681.40336516 577.332793914
1000.00365475 909.873370604 1020.83418169 2683.25336516 577.517793914
1000.00365475 909.752555789 1020.83603637 2685.10521701 577.702979099
1000.00365475 909.636055789 1020.8342892 2686.95521701 577.887979099
1000.00365475 909.515240974 1020.83624573 2688.80521701 578.073164284
1000.00365475 909.398740974 1020.83449855 2690.65521701 578.258349469
1000.00365475 909.280083567 1020.83460323 2692.50521701 578.443349469
1000.00365475 909.161426159 1020.83470791 2694.35521701 578.628349468
1000.00365475 909.044926159 1020.83285889 2696.20706886 578.813534654
1000.00365475 908.924111344 1020.83481542 2698.05706886 578.998719839
1000.00365475 908.807611344 1020.83306824 2699.90706886 579.183905024
1000.00365475 908.68679653 1020.83502477 2701.75706886 579.368905023
1000.00365475 908.57029653 1020.8332776 2703.60706886 579.553905023
1000.00365475 908.449481715 1020.83523413 2705.45706886 579.739090208
1000.00365475 908.332981715 1020.83338511 2707.30892071 579.924275393
1000.00365475 908.2121669 1020.83534164 2709.15892071 580.109460578
1000.00365475 908.0956669 1020.83359446 2711.00892071 580.294460578
1000.00365475 907.974852085 1020.83555099 2712.85892071 580.479460578
1000.00365475 907.858352085 1020.83380382 2714.70892071 580.664645763
1000.00365475 907.73753727 1020.83576035 2716.55892071 580.849830948
1000.00365475 907.62103727 1020.83391133 2718.41077256 581.035016133
1000.00365475 907.500222455 1020.83586786 2720.26077256 581.220016133
1000.00365475 907.383722455 1020.83412068 2722.11077256 581.405016133
1000.00365475 907.262907641 1020.83607721 2723.96077256 581.590201318
1000.00365475 907.146407641 1020.83433004 2725.81077256 581.775386503
1000.00365475 907.025592826 1020.83628657 2727.66077256 581.960386503
1000.00365475 906.909092826 1020.83443755 2729.51262442 582.145571688
1000.00365475 906.788278011 1020.83639408 2731.36262442 582.330571688
